500 100
497 2898
448 383
226 1108
128 3987
174 4731
35 4501
95 3594
145 3429
258 2329
71 1113
429 1608
313 3832
457 1666
6 4546
306 3482
227 4804
328 3690
269 538
272 406
63 4829
335 1366
250 421
360 949
317 1442
337 2733
233 4717
212 1902
30 1654
289 4709
105 2327
129 1128
365 3882
455 2479
103 1892
151 24
222 1099
219 110
151 4381
111 2604
367 1153
211 3732
288 2792
267 2416
218 230
456 3707
380 3764
285 4766
138 620
25 2945
255 4486
223 2359
136 1175
398 2180
201 2619
288 3382
421 3392
324 1856
493 4741
89 2375
17 898
193 1541
429 677
417 1325
49 2809
400 2986
500 1677
454 4396
197 4265
470 3785
310 4908
319 2735
216 1098
75 2131
243 3142
194 3529
109 1175
129 4047
322 158
481 4314
179 925
267 1621
444 3984
174 1586
425 2041
273 1953
73 3986
162 31
105 3409
348 601
62 3751
422 228
315 2958
120 3311
308 4704
322 4466
333 1271
253 4654
474 656
273 3418
221 587
