1000 100
216 8514
895 2387
214 387
982 4351
624 3456
556 2390
672 9067
989 1412
754 127
751 6681
564 779
340 2357
938 5591
297 3877
862 8789
749 4029
151 6225
850 9258
647 4321
600 7491
441 5110
421 2779
494 1968
461 7896
910 3708
722 9441
185 4509
709 6125
137 8055
716 4473
200 4519
867 1018
72 4552
425 1736
379 8551
651 6207
254 3886
215 4932
231 3183
307 2686
764 9535
505 9486
792 7168
986 5498
4 1819
79 2304
112 3607
987 9863
351 6214
879 7696
68 149
210 7316
223 3718
877 9896
845 6941
526 1356
43 824
120 4242
225 6340
201 7417
597 9794
799 564
83 2287
479 5931
10 3522
241 5158
899 6479
355 5591
651 8821
600 9797
307 2407
849 5272
137 40
541 4790
340 4080
510 7668
224 7571
346 6486
853 9253
715 4782
805 7660
486 1131
923 4075
500 7914
621 479
236 1243
572 367
606 8426
755 6383
603 3904
352 1126
984 4475
488 9132
142 276
661 5126
632 4459
27 6922
463 1223
716 414
288 471
