1000 100
726 8959
831 3330
75 2956
261 3543
385 8339
428 8516
743 4640
555 4773
655 6426
305 3765
97 8039
214 6136
837 6603
31 588
46 4472
239 3785
937 904
522 4988
628 9156
197 2292
470 381
615 2284
117 5276
722 8655
616 2454
679 366
844 4285
372 6133
201 3788
967 5489
194 1820
100 2116
208 7303
896 4626
674 1470
939 5116
438 6245
731 4977
288 5379
129 3786
867 3135
972 3461
504 9732
808 876
98 6190
224 2236
548 7509
935 6397
169 5563
130 7450
391 1844
457 6966
222 5760
206 2236
316 1753
34 3109
989 7160
768 2349
695 1898
129 4217
361 510
38 405
353 7402
979 1071
944 4199
785 827
677 5367
386 13
586 4077
844 6144
110 1372
247 1327
13 9739
258 7592
429 3545
688 737
722 4287
224 810
23 4060
769 6290
869 6276
87 1593
118 271
447 3995
432 4407
625 3799
87 3686
769 8367
964 5227
786 4119
203 2026
209 4736
701 6652
121 3843
720 8535
911 5501
533 8009
508 2046
926 2016
907 2127
