1000 100
9 9711
1 9785
9 5477
4 7635
7 1311
4 3786
2 6151
2 2334
6 1302
2 1388
2 6216
5 5097
9 4613
8 2185
10 8459
10 9497
5 2631
1 9181
9 6028
9 4152
10 7072
9 5957
10 8494
4 8398
7 861
1 4453
4 7063
6 7022
6 3297
6 242
6 8329
4 4272
2 9508
5 2305
6 1870
1 9963
3 2187
4 881
1 560
10 9363
8 5595
2 1751
8 8101
2 3235
6 558
10 6892
8 5858
8 9641
1 3700
10 6948
9 4734
2 1718
9 9147
10 5345
4 7439
8 6679
4 832
9 6573
4 9483
10 6443
5 4226
9 3483
3 7510
1 4568
10 8517
1 6636
2 4345
3 4122
3 847
5 3021
3 7165
3 8213
4 2562
6 9868
4 9341
9 2748
3 6362
2 9019
9 9017
2 1478
4 7953
8 4956
4 3037
6 1405
2 6631
3 1067
3 8184
2 2758
2 4515
1 2451
7 5304
9 5329
6 2275
6 3256
8 1761
9 2064
7 6988
9 1094
7 4608
9 1456
