200 200 50
164 95 822
7 143 3
35 8 538
118 192 681
56 179 911
65 30 804
5 68 598
163 135 84
163 75 760
149 35 98
75 190 398
154 19 566
76 11 560
71 193 489
198 119 274
180 177 407
68 141 865
118 121 854
78 119 997
53 192 818
174 132 378
11 57 27
139 146 630
81 26 966
106 94 282
115 14 10
29 86 578
186 18 124
199 27 843
62 198 47
100 130 776
139 54 287
174 123 621
135 160 650
185 178 436
107 197 37
116 176 218
149 35 871
184 108 950
154 12 480
161 157 532
89 71 768
142 50 887
36 166 440
86 136 883
87 131 630
77 113 154
1 165 903
131 134 910
182 42 313
