200 200 100
4 49 521
174 120 656
158 172 152
116 153 69
89 66 749
164 71 918
173 109 153
170 56 245
165 88 313
46 72 343
1 198 139
199 104 522
37 84 780
24 35 381
164 199 862
130 79 888
120 175 620
85 140 239
117 45 748
178 40 220
27 34 75
71 165 856
74 111 907
5 132 886
163 165 621
177 90 987
5 179 270
120 37 610
74 22 421
70 100 8
115 51 885
22 80 448
5 48 406
62 99 517
123 168 948
99 20 580
161 165 657
154 45 478
194 93 691
113 166 942
105 99 698
25 124 679
141 112 683
77 91 190
200 153 943
99 194 233
17 153 104
114 145 98
9 118 907
32 112 765
143 83 272
157 116 507
12 172 74
24 176 137
173 178 432
154 152 163
4 66 460
184 132 471
199 124 37
154 188 108
153 168 75
90 11 843
83 132 641
172 88 182
45 56 937
166 63 511
148 133 80
14 171 875
40 22 144
194 76 937
166 4 777
84 175 319
183 93 366
137 110 874
177 170 782
47 185 481
111 163 966
109 89 418
177 161 496
199 176 715
135 48 648
5 194 665
27 27 622
158 29 963
9 120 654
110 78 582
35 48 733
62 149 29
84 7 140
122 126 127
69 159 515
196 145 688
77 123 46
56 160 116
148 79 548
51 16 861
173 85 972
27 114 814
140 18 167
64 101 960
