200 200 100
83 93 538
50 23 835
9 99 766
14 37 57
125 85 440
69 183 308
181 135 279
90 9 391
38 64 664
42 64 199
68 169 993
50 113 744
117 29 156
120 168 250
147 63 40
23 191 106
109 143 463
145 54 808
145 132 490
83 50 242
188 170 38
119 182 811
88 47 128
102 58 526
81 28 97
59 197 628
166 74 559
141 161 527
9 199 487
147 189 168
117 93 408
117 199 682
27 14 764
25 159 817
138 138 422
115 43 56
70 122 536
160 138 213
30 107 227
196 58 368
13 169 604
24 163 701
67 38 818
110 1 534
51 66 911
169 128 679
74 91 54
14 77 560
83 49 480
66 131 100
86 154 973
35 109 289
105 80 750
107 108 799
113 127 25
112 73 784
45 183 69
11 23 205
41 105 382
116 135 601
95 76 681
118 198 127
179 144 631
122 188 364
137 70 604
186 198 331
90 150 661
42 190 408
160 145 729
74 59 657
138 131 360
74 69 299
56 116 837
117 27 329
95 196 59
19 168 595
95 63 519
167 113 133
37 73 872
69 200 661
78 37 364
46 91 927
52 170 43
33 75 824
77 128 344
98 49 800
12 150 219
163 87 60
174 35 200
148 22 256
15 150 918
109 91 593
47 134 291
73 96 515
34 39 593
94 123 685
40 46 8
72 116 403
138 180 110
140 119 993
