200 200 100
177 31 696
42 197 559
91 72 913
122 35 808
41 114 523
70 182 772
163 164 977
60 45 461
163 196 911
59 162 490
15 42 700
69 36 50
190 75 103
140 56 924
170 38 290
167 5 616
164 122 357
155 173 158
55 118 892
194 14 540
20 76 310
156 195 264
114 9 854
174 34 163
42 64 609
92 144 399
6 193 405
146 85 346
56 172 556
138 49 183
142 32 733
131 168 972
170 31 159
97 200 637
22 175 688
176 159 431
186 148 474
161 59 720
32 74 90
174 127 700
127 65 887
178 131 351
192 21 525
136 184 473
173 74 413
152 178 836
158 68 971
76 131 732
110 31 231
64 5 348
177 167 951
154 99 16
118 63 200
46 109 975
183 5 523
33 69 320
98 189 262
104 16 362
31 6 587
141 38 912
35 118 219
23 115 448
63 42 231
101 56 28
78 55 946
88 193 875
68 97 44
51 98 963
200 95 629
184 168 511
188 170 990
184 141 846
126 45 318
50 12 310
185 65 551
7 116 168
52 82 35
77 24 409
104 72 567
15 75 804
22 152 170
85 84 842
200 113 842
116 28 848
74 24 138
55 69 184
177 49 450
187 67 498
33 146 25
4 101 669
8 93 531
196 18 715
157 52 158
143 50 97
31 158 707
191 145 240
156 16 322
84 127 429
21 50 710
62 25 576
