150 150 80
18 116 644
16 75 310
20 131 579
98 65 850
145 59 116
3 75 505
9 136 337
145 4 201
98 88 556
150 61 332
130 23 531
54 133 655
8 58 438
20 138 422
125 79 901
119 58 615
88 21 230
96 28 7
125 141 14
96 27 900
29 95 930
38 116 654
139 26 492
90 20 241
60 124 433
112 102 777
28 45 6
25 51 694
142 97 992
74 38 968
26 119 982
15 126 241
61 129 623
77 110 353
114 46 36
137 54 130
125 40 347
61 67 671
45 36 12
38 37 923
97 2 393
47 68 961
140 37 190
80 52 159
113 144 951
134 138 556
76 140 940
25 4 905
13 61 242
145 59 745
35 103 90
109 42 264
99 114 219
121 27 592
42 14 533
116 29 875
126 27 680
118 83 787
8 113 92
5 120 336
99 53 141
75 15 478
97 149 137
49 99 564
13 80 84
139 23 575
119 85 229
34 133 538
93 61 332
38 33 808
46 42 247
137 72 723
118 149 619
66 101 127
112 63 950
149 75 65
80 43 251
84 124 103
105 60 885
99 73 57
