200 200 100
176 186 978
49 160 450
149 187 665
171 132 147
35 137 840
63 46 432
188 163 763
93 152 383
66 128 452
67 18 101
163 158 300
21 143 415
81 183 579
71 196 771
31 192 841
18 197 733
199 67 395
108 181 657
16 13 45
192 148 174
97 15 207
114 4 221
196 11 608
156 5 29
172 195 329
138 140 177
52 131 428
178 14 290
56 150 304
57 7 27
129 41 740
175 121 630
90 154 257
171 130 662
115 57 237
26 129 824
7 139 706
104 3 855
101 19 851
74 34 297
56 162 507
190 6 381
90 158 65
196 120 859
87 70 225
172 126 188
90 169 425
36 156 685
10 126 750
61 87 261
142 130 669
88 19 234
32 38 790
156 120 708
190 32 78
26 41 385
5 116 758
74 180 976
173 19 443
136 50 580
74 84 956
149 82 662
3 156 672
69 73 745
165 198 825
72 58 524
50 60 198
179 53 188
170 121 751
186 199 274
42 147 270
196 180 785
28 158 501
144 54 317
118 170 91
75 81 408
22 78 536
41 53 5
3 170 591
106 123 770
64 48 127
8 21 703
197 95 783
116 197 311
136 191 570
90 106 679
135 180 105
68 123 211
200 47 694
23 83 544
41 160 304
6 68 937
192 59 855
101 174 529
198 145 844
30 199 715
25 60 265
19 73 289
51 82 313
137 76 297
