2000 50
277 16 1
832 57 3 59
835 57 3 1
660 81 3 99
511 81 3 51
243 55 3 93
39 89 1
62 5 2
627 24 1
431 24 3 73
782 18 1
393 95 3 15
983 16 1
830 63 2
738 10 3 10
691 57 2
44 55 3 93
440 29 3 56
90 19 3 41
578 24 1
424 29 3 17
737 24 2
72 63 3 25
126 19 3 40
91 54 1
459 6 3 100
938 78 3 40
329 97 1
534 9 1
633 80 1
958 17 3 60
484 38 1
931 53 3 53
522 39 2
565 13 1
219 71 2
983 86 1
348 41 2
884 52 2
810 28 3 11
20 100 1
293 77 3 41
299 99 3 87
856 27 1
56 9 2
893 23 2
355 82 3 23
719 40 3 95
956 17 2
104 84 3 78
