5000 100
736 23 1
438 27 1
735 78 2
255 54 1
530 71 1
359 58 2
273 71 1
530 67 2
465 93 2
299 64 1
467 54 2
234 59 3 91
590 28 3 46
132 38 3 83
909 37 2
317 75 1
221 49 2
364 3 2
324 40 1
899 99 2
485 23 2
525 47 2
270 52 2
424 62 2
888 38 1
772 20 3 20
60 62 2
186 39 2
228 37 2
136 68 1
285 99 2
258 98 1
24 53 2
256 34 1
350 64 2
116 100 1
966 62 2
416 1 1
799 63 3 97
615 66 1
452 6 2
909 38 2
93 89 2
383 11 3 93
992 97 2
527 96 2
898 85 3 48
253 2 1
297 51 3 50
316 89 3 31
673 25 1
674 49 3 23
182 80 2
509 36 3 25
436 72 1
202 92 3 4
627 94 2
304 54 3 43
512 55 2
515 80 2
167 99 3 45
169 71 1
485 94 3 68
998 42 1
213 69 3 91
636 96 3 56
880 86 2
629 16 3 12
837 76 3 91
978 78 1
882 60 2
244 21 3 92
458 41 2
755 59 2
184 98 3 64
876 7 2
677 72 1
741 86 1
595 70 1
88 83 3 49
701 29 1
720 27 2
775 70 3 23
858 90 1
597 2 1
499 44 1
728 69 1
100 81 3 4
9 26 3 26
658 37 1
114 26 1
652 43 2
628 50 2
510 97 1
977 37 2
475 86 3 81
112 40 1
527 98 3 41
65 37 2
859 24 3 60
