5000 100
178 4 3 13
166 31 1
920 99 2
255 71 2
639 15 1
187 51 2
305 7 1
275 27 3 80
311 28 2
614 91 3 100
534 90 1
173 27 2
769 95 2
591 7 1
889 11 2
778 48 3 99
278 45 3 2
652 65 1
371 91 3 17
345 4 3 71
658 36 3 28
589 99 1
615 92 1
220 43 1
474 16 1
593 74 3 3
345 79 2
524 7 3 76
966 89 1
385 12 2
506 71 3 37
670 59 1
629 82 1
351 83 3 7
646 37 2
152 44 3 38
228 20 3 25
399 6 1
917 94 2
671 79 1
715 11 2
717 96 1
809 41 1
674 11 2
972 69 1
995 42 3 18
506 72 1
354 91 2
148 69 2
95 56 2
283 85 2
250 79 3 5
150 94 2
923 93 1
249 90 1
315 89 2
649 43 1
922 13 3 84
525 89 3 94
215 31 2
58 49 2
64 80 3 14
960 56 1
524 16 3 74
295 20 3 79
528 43 1
570 69 3 32
136 90 1
328 88 3 20
667 57 2
860 31 3 9
230 98 3 92
224 28 2
102 57 3 24
480 24 2
635 82 1
211 66 3 26
232 65 1
476 17 2
649 21 1
879 90 2
302 40 2
443 59 2
394 91 2
353 97 3 51
174 19 2
106 56 1
955 17 1
845 99 3 57
384 87 3 83
448 33 1
502 25 3 71
115 82 1
522 38 2
975 4 3 61
641 24 3 39
604 26 3 62
576 51 1
791 89 1
604 12 2
