5000 100
200 48 2
166 55 1
414 54 3 44
356 94 1
602 21 1
270 75 1
945 86 1
156 60 1
527 47 1
390 38 2
184 85 1
286 71 1
530 9 3 39
846 81 1
121 8 1
789 36 3 91
755 9 3 80
172 5 3 19
770 10 2
246 71 3 18
42 56 1
980 56 3 14
483 12 3 88
861 50 3 56
865 91 1
823 43 3 83
988 75 3 29
82 97 2
315 95 1
578 52 3 56
890 19 2
338 18 2
415 33 3 98
811 76 1
789 13 2
88 89 2
180 24 3 81
347 42 3 80
211 21 3 84
930 79 2
722 40 2
387 73 3 42
908 45 2
80 22 1
344 26 2
105 94 1
263 93 3 75
903 32 3 57
864 43 1
709 53 1
524 100 2
384 32 1
726 68 2
445 3 3 11
145 46 3 56
821 78 3 26
524 85 3 90
530 98 3 65
290 93 3 36
961 70 2
416 50 3 53
548 13 3 26
548 87 2
290 13 1
543 30 2
19 11 3 49
448 27 1
110 44 2
586 61 2
913 57 3 8
678 16 2
713 69 3 56
523 86 1
713 69 2
40 65 2
143 48 2
739 41 3 51
186 16 3 41
771 40 1
771 26 2
393 6 1
792 76 3 39
75 56 1
730 92 3 27
121 27 2
79 52 3 18
585 50 2
640 13 1
528 25 1
491 26 1
493 48 3 78
86 59 1
697 27 2
964 45 3 43
123 20 2
307 30 1
439 14 3 2
610 81 3 47
96 13 3 13
744 54 3 98
