3000 80
531 8 2
580 61 1
764 99 3 49
454 83 1
426 93 1
548 72 2
706 58 2
18 4 1
181 88 2
969 8 2
165 19 2
361 97 1
277 37 1
934 54 3 74
492 20 2
475 85 1
637 23 2
34 1 2
591 70 1
661 93 1
437 61 2
422 22 1
560 1 2
191 88 3 10
785 23 3 14
702 99 3 10
187 97 1
20 47 1
885 55 2
124 19 1
817 76 3 76
348 98 1
481 39 1
723 52 1
610 13 3 76
511 64 1
94 13 1
733 87 1
329 56 1
525 66 3 79
618 12 2
81 16 3 27
572 21 3 19
792 1 1
480 92 2
201 55 2
66 53 2
280 81 2
894 3 3 38
534 16 1
59 24 3 95
170 71 1
640 21 1
47 55 1
123 4 3 60
265 90 1
65 45 2
490 52 2
979 58 3 11
842 88 2
157 14 1
649 9 3 40
890 95 2
263 56 3 35
227 1 2
163 7 3 19
709 43 1
798 83 3 51
543 42 1
415 50 2
310 41 2
763 88 2
581 16 1
690 26 1
129 61 1
330 62 3 35
583 65 1
830 7 3 53
823 22 1
902 61 3 84
