5000 100
717 4 2
612 32 2
854 28 1
857 55 1
743 86 3 48
711 17 3 98
856 89 3 13
783 37 3 28
137 75 1
57 73 3 50
26 43 2
412 57 1
425 44 1
173 87 3 30
465 70 1
184 70 2
661 65 3 31
223 83 1
858 51 1
161 72 3 81
640 9 2
529 31 1
602 94 1
730 5 3 50
67 73 1
403 58 3 26
507 8 1
643 23 3 13
532 40 3 23
855 4 1
425 82 3 72
592 44 2
364 8 1
448 61 2
624 28 2
36 73 3 10
648 6 3 42
448 67 2
834 63 1
583 86 1
561 30 3 35
410 66 1
558 53 1
258 83 2
778 95 2
419 73 2
943 21 1
919 79 3 38
90 35 2
575 35 1
173 72 3 90
521 78 1
437 25 1
303 61 3 99
594 89 2
882 49 2
610 88 2
742 38 3 63
160 71 2
649 18 2
970 28 2
366 43 3 55
303 17 1
818 72 2
926 87 1
543 67 2
26 64 1
430 5 3 75
693 13 1
185 64 3 61
269 72 3 87
610 35 2
820 95 3 51
513 52 2
655 1 1
98 42 1
629 22 1
614 95 1
348 65 1
696 65 2
213 9 2
625 63 2
962 20 2
651 98 3 40
792 67 2
254 52 2
441 85 3 100
477 45 2
694 87 3 42
957 23 3 87
930 1 1
257 17 3 4
858 98 1
58 58 3 52
817 34 2
219 59 2
587 76 1
476 92 2
4 73 2
707 83 3 57
