1000 100 30
55 978
96 895
20 656
14 193
93 839
87 787
92 936
16 348
34 185
98 685
36 700
95 323
72 719
73 173
57 503
1 225
6 826
77 826
19 109
26 224
4 152
11 871
90 948
83 113
46 852
94 556
18 10
55 154
24 174
75 433
87 174
82 973
64 722
37 89
69 528
74 303
86 95
73 198
91 412
70 869
81 91
23 309
4 324
97 677
19 358
32 433
10 346
74 845
29 658
11 764
31 113
9 356
72 155
70 165
66 638
34 1000
2 802
98 652
12 640
16 435
32 227
93 14
62 792
45 956
88 790
53 206
61 537
68 879
3 90
36 666
28 608
29 666
11 217
63 957
29 349
98 400
29 218
82 196
72 784
89 42
94 260
62 479
86 946
17 179
82 681
8 161
99 370
79 390
72 515
50 164
97 652
79 542
56 569
69 520
40 784
14 492
40 610
49 977
55 385
64 6
