1000 100 30
65 873
39 796
83 943
62 823
82 499
58 631
57 973
66 942
16 244
47 974
29 223
47 853
28 545
90 273
93 199
50 343
31 927
48 393
15 833
19 482
54 820
36 544
41 109
100 526
54 375
75 692
83 554
51 580
4 345
64 838
59 480
53 920
66 947
83 794
79 551
1 338
77 96
36 12
30 670
65 151
56 621
31 468
88 336
34 302
22 5
51 967
79 874
87 603
59 400
48 81
5 883
28 338
41 884
16 482
32 838
61 888
41 144
62 671
80 311
82 457
82 660
6 834
33 69
85 19
40 576
55 291
36 430
20 208
88 2
59 65
68 343
86 899
97 579
17 798
29 362
59 93
4 125
98 326
92 843
11 730
18 879
88 336
17 966
83 665
70 302
53 465
73 621
61 243
29 692
94 531
27 759
8 273
71 144
93 303
48 258
94 856
19 203
72 740
45 397
41 603
