1000 100 30
55 134
8 978
44 55
39 74
85 8
21 108
67 570
66 395
69 462
61 557
15 291
86 399
60 249
93 16
44 762
68 235
88 914
55 393
35 305
24 25
21 763
48 340
65 856
63 359
83 817
65 715
12 337
43 823
71 822
11 77
2 9
84 986
1 426
22 905
73 559
3 994
24 655
63 234
90 339
75 207
31 446
19 549
91 535
9 781
27 78
97 425
91 869
66 34
71 552
17 469
58 816
43 533
52 330
10 666
92 830
64 438
14 939
11 580
49 487
42 584
79 227
94 709
84 981
2 431
31 128
48 262
23 624
13 574
59 1
34 839
95 143
15 355
8 199
58 194
52 85
94 700
79 141
12 462
53 487
44 984
97 600
90 213
100 465
14 360
67 267
26 149
98 589
92 993
25 754
79 286
45 812
66 477
22 666
56 502
48 571
59 825
38 701
69 379
33 529
45 948
