800 80 20
34 473
5 159
14 735
30 122
41 985
91 9
47 319
93 226
52 632
92 254
1 116
88 761
20 387
18 955
35 310
63 724
39 442
66 508
7 824
22 596
76 58
54 85
43 39
54 176
48 25
10 558
85 933
66 978
27 180
66 403
43 54
7 941
70 237
26 550
7 945
57 823
3 694
68 931
10 916
12 221
3 311
49 510
8 401
47 340
12 122
93 141
44 647
63 159
31 285
57 701
80 119
72 456
100 947
20 142
28 661
96 971
8 132
63 182
41 176
35 52
68 276
99 228
28 728
85 65
30 335
71 225
38 784
99 710
44 992
61 732
98 745
27 780
36 551
80 707
75 312
45 605
69 937
2 626
10 892
55 511
