1000 100 30
65 285
38 204
68 994
88 829
81 727
78 536
25 982
71 455
32 781
68 473
29 173
17 648
83 187
91 685
78 227
51 553
62 783
93 626
49 652
72 977
36 774
66 914
58 482
70 192
23 838
22 260
9 397
59 203
58 307
66 517
24 977
86 544
45 4
72 394
5 856
69 615
48 291
96 928
79 104
73 203
81 259
36 681
91 885
76 594
67 372
15 745
6 487
99 204
49 110
89 870
21 555
89 683
32 182
25 741
76 926
34 240
39 926
99 79
26 886
43 428
78 279
42 594
54 629
90 898
77 539
86 469
87 14
81 553
55 320
88 362
77 426
90 675
17 52
2 255
34 880
28 237
12 800
60 573
97 936
5 847
6 977
67 27
24 306
37 564
41 986
97 502
82 834
16 446
83 451
64 509
41 745
26 183
46 997
71 348
18 47
78 51
95 860
9 431
38 775
4 856
