1000 50
443 326 0
451 272 0
501 368 1
477 827 2
726 922 0
70 235 2
277 89 0
741 386 1
834 750 2
680 264 8
885 266 3
344 336 11
689 125 12
806 529 10
687 501 12
732 521 0
750 278 11
463 14 1
111 7 15
177 845 1
570 943 15
519 854 14
584 153 9
734 297 3
208 423 17
741 270 18
304 484 2
983 573 2
868 879 25
376 660 0
841 683 15
11 513 7
731 960 18
338 173 13
139 464 16
742 750 22
149 410 35
465 608 35
406 755 29
658 863 29
173 673 27
71 540 0
689 377 36
134 481 16
841 879 19
777 916 12
868 905 40
977 282 39
294 486 29
630 658 20
