1000 50
112 300 0
989 434 0
859 469 0
966 134 2
450 788 0
83 733 0
448 466 5
524 881 5
68 721 1
460 222 6
824 256 9
435 48 11
615 66 11
472 939 11
661 825 14
456 861 0
72 633 2
281 573 5
371 665 4
830 50 9
422 605 15
570 529 10
653 340 19
607 464 1
394 321 3
779 348 25
575 458 26
398 889 21
722 868 18
887 907 19
536 200 19
231 828 21
327 655 6
912 550 3
679 405 13
669 139 11
331 813 18
821 110 11
182 724 13
34 431 3
801 117 12
713 291 11
707 427 18
479 656 36
994 33 36
597 752 39
891 968 7
368 786 0
562 177 43
28 41 16
