1000 50
697 114 0
4 889 0
741 771 1
983 658 1
272 276 2
117 972 3
604 925 5
775 872 2
346 644 1
212 969 8
463 716 10
397 283 6
740 63 6
4 983 1
75 42 6
74 535 0
836 949 10
587 539 0
319 822 0
196 560 6
438 635 8
474 902 12
297 57 22
802 545 14
519 500 16
244 41 18
349 197 20
104 664 23
748 803 11
130 720 10
813 649 7
134 970 6
767 841 19
862 43 19
67 613 23
920 636 33
374 183 3
375 238 36
461 444 10
202 257 32
252 303 5
88 38 14
360 982 17
671 64 38
688 779 13
854 571 38
148 879 0
790 753 42
173 913 20
3 259 27
