1000 50
721 52 0
718 318 0
885 438 1
548 661 2
343 589 2
773 635 5
785 37 5
516 160 4
534 991 6
779 833 9
311 637 8
360 439 0
555 980 1
587 77 13
861 954 10
702 319 4
693 101 9
996 927 1
348 739 17
440 229 4
540 902 2
778 452 20
50 555 13
672 465 10
265 677 23
619 108 13
427 390 4
663 117 18
446 13 1
841 685 26
741 300 27
78 799 14
284 845 12
920 912 33
626 851 17
975 75 19
436 918 36
904 152 2
810 351 33
155 726 33
276 4 36
37 158 36
899 678 8
622 536 34
558 860 26
803 505 44
365 788 4
492 495 36
843 234 2
958 536 10
