20000 100
15377 215
12345 249
16972 527
9895 8
9108 223
14513 486
1879 649
10058 455
5952 417
7224 219
14970 600
19441 748
10356 649
18807 502
18294 866
10269 683
15387 729
758 373
18032 410
6825 895
11514 592
2185 137
331 45
2405 394
6642 459
10559 815
16141 398
18764 213
18633 471
12685 648
719 896
8594 56
13740 257
8404 227
6055 794
13749 370
14566 754
16290 181
11311 767
17797 336
17664 721
16634 217
4335 525
9739 403
7044 58
5148 557
6899 976
8937 564
19603 777
8103 212
17453 269
7387 400
2147 712
7821 517
787 651
567 582
5904 110
2805 616
3432 410
658 340
3497 465
1672 30
10827 698
16661 527
5110 600
7759 728
5300 87
12394 71
7137 935
12279 725
17636 471
15147 894
15578 994
1486 829
14796 621
19859 371
4515 150
1507 266
2265 134
14912 72
11028 45
19023 482
15107 307
19389 979
13959 525
4748 214
18443 140
15232 903
5772 971
19405 737
13518 927
2039 282
14830 387
4416 953
11256 958
4780 125
10282 417
11938 694
2 596
18467 649
