20000 100
6459 195
2465 29
3302 875
10162 798
7290 934
12157 363
10724 307
1678 338
3549 411
2786 691
10236 584
18832 970
5730 735
16719 128
7816 445
19843 696
17659 350
1040 134
13878 165
14527 591
12819 544
4314 642
12416 80
15206 115
4018 436
4551 873
3193 954
15156 81
2065 346
5018 929
13775 82
13752 571
1837 433
12462 245
7135 841
15981 551
10477 334
11516 719
9543 609
6629 131
12025 730
2215 91
7949 460
10186 953
16219 525
7081 168
4270 660
12407 268
18004 722
8425 350
11539 432
296 526
12416 799
95 943
18143 342
14398 927
4744 990
16824 10
14086 615
19550 327
15425 743
8039 864
830 968
19273 698
13201 67
4088 622
19308 437
5059 461
6667 732
1315 107
8974 274
10447 887
8309 724
16521 561
3116 815
8941 524
13376 392
16456 921
3931 609
3274 487
17192 26
5968 174
18068 729
4621 318
6650 569
15239 795
8727 892
10623 764
2186 776
13012 862
17266 33
17103 977
17955 731
1690 788
13770 863
18193 880
4795 618
7011 848
4536 630
4984 451
