20000 100
3424 670
4610 823
15010 123
10985 251
14528 486
13074 342
16697 863
16942 684
1358 467
2535 836
18034 273
19959 146
6338 800
15913 50
7689 103
6209 553
14609 15
12854 139
18147 851
10386 855
17628 710
7668 762
18516 525
8974 192
8068 130
12056 976
5198 941
17354 580
5310 948
14558 988
17359 639
15093 182
17404 473
2307 961
5177 40
1290 464
19254 566
10690 165
10836 47
16641 291
18779 951
2478 788
9287 122
1833 123
648 962
2441 810
11614 418
5124 790
19486 290
17797 504
5236 744
4172 333
19658 362
5959 696
12778 789
13902 299
10491 163
17008 123
5834 540
2815 859
18223 814
2986 939
18890 862
19528 165
2480 410
524 315
19747 644
6440 772
18327 562
16026 93
11239 694
4159 9
9079 870
10133 975
3862 369
14735 397
4268 112
2707 661
10000 67
3797 512
11122 498
7783 195
5954 937
8401 320
8541 599
17738 885
14505 671
8446 132
9017 213
4264 433
9972 981
12666 740
4470 619
12898 559
402 579
11584 497
3570 433
16203 16
4519 841
15551 826
