15000 80
13310 697
1950 239
4672 648
2957 22
14629 714
12116 416
14208 373
65 619
9167 228
7911 917
5988 717
7891 95
14118 519
14265 294
3757 870
2529 168
4735 862
2261 875
11139 630
1082 937
12675 349
10428 419
10300 379
7801 965
1046 845
7274 655
10557 308
9943 933
5072 667
10854 317
12180 299
8591 224
8559 87
8778 748
4579 262
4873 506
7841 143
1281 757
898 461
4312 591
939 565
11447 357
3151 558
11501 700
5807 497
1151 582
1282 642
5807 956
1116 185
6213 103
8491 341
11631 547
2450 729
6697 81
5303 553
11968 781
10290 685
13903 939
5658 520
7228 626
13313 784
1006 366
8830 962
13364 461
8797 616
12779 569
4221 230
8471 202
3218 866
3437 586
1697 98
6861 700
3860 543
14028 37
3620 974
10439 356
14320 403
2826 933
4878 532
13423 887
