20000 100
19173 939
1461 235
16040 278
3598 886
1379 875
7991 29
6248 309
17970 347
8656 423
13139 98
634 21
10663 41
8559 820
5965 887
13356 388
524 728
5404 239
13393 956
14353 638
12456 283
9770 600
17429 577
1780 753
15700 95
2133 527
3134 716
7652 803
6953 335
13654 849
12442 955
11921 38
12039 621
18222 48
9993 310
1904 740
4126 729
17236 265
11499 108
3203 333
14892 466
10688 601
19808 166
10812 972
18372 409
13623 23
19078 534
13299 126
5156 628
13956 261
14384 815
13809 984
4356 755
202 365
9568 766
11272 327
3604 503
13806 863
5579 560
4344 48
5490 412
115 361
11788 299
19404 835
15203 655
4620 908
2917 287
12235 93
4004 994
12335 512
17985 349
17713 684
10137 825
5854 410
4280 13
14592 234
19165 197
2560 277
14108 260
7007 453
5539 423
5274 752
11350 752
14350 937
9211 843
8225 698
78 741
17636 28
3001 874
8090 839
11137 835
8907 37
5768 498
7198 147
16241 959
19470 162
13491 488
4172 391
3074 127
3749 879
5242 526
