10000 100
173 21
258 55
609 96
143 86
743 87
678 53
961 20
1 5
495 68
46 17
220 45
773 51
318 68
265 70
60 45
518 34
799 73
193 80
678 83
491 21
35 44
545 82
966 57
89 55
963 92
569 76
786 21
21 59
439 22
989 89
926 61
553 58
155 26
833 29
311 71
156 86
114 37
978 90
296 80
745 95
233 68
897 100
429 6
635 29
345 95
298 77
367 6
734 57
527 10
469 21
4 97
268 36
418 22
264 98
76 89
524 47
848 21
647 9
871 97
861 66
803 53
353 47
641 86
617 49
615 5
544 61
421 83
868 100
222 60
863 99
36 57
483 84
499 81
295 46
175 84
138 32
654 47
365 17
996 68
802 11
514 1
821 100
327 53
753 43
122 31
82 52
277 95
762 62
143 46
527 1
973 16
33 6
543 71
914 21
455 30
340 82
577 22
389 57
534 28
601 93
