10000 100
997 79
98 34
132 97
104 74
681 41
45 91
899 31
731 79
392 43
369 75
279 61
423 3
732 99
237 18
630 63
102 88
989 46
314 49
810 86
303 35
154 89
255 15
853 48
283 74
287 10
497 39
848 27
280 15
971 1
167 38
299 2
856 35
52 39
211 42
11 42
392 14
35 4
660 82
251 72
732 30
877 56
507 20
831 90
305 3
399 11
685 61
174 21
239 34
432 35
64 44
706 61
713 72
705 15
126 23
527 98
454 32
305 53
299 75
487 4
567 5
657 92
422 33
376 40
802 43
736 30
891 41
19 30
990 35
481 75
380 25
341 16
186 28
983 7
817 42
729 1
271 51
445 66
567 42
780 74
433 8
534 72
823 86
685 64
365 57
906 65
867 64
493 77
269 3
993 84
301 16
914 89
499 80
350 55
808 95
30 48
348 26
307 18
699 20
532 83
590 62
