10000 100
120 16
332 15
503 76
603 17
64 4
818 52
43 44
980 47
414 16
85 57
441 45
797 7
76 47
624 35
730 21
862 1
963 41
54 32
311 62
476 96
513 96
251 78
60 91
423 47
185 31
462 29
595 58
384 66
361 42
245 51
449 2
117 28
964 39
358 14
155 40
949 71
607 26
213 10
429 62
724 31
748 76
829 84
573 34
686 11
663 77
764 54
620 26
596 88
940 4
807 52
163 77
683 19
982 64
543 48
34 82
970 5
351 44
631 84
345 37
973 91
328 61
896 3
121 91
335 7
772 55
43 12
367 86
497 25
453 100
936 45
840 50
219 11
592 68
942 13
829 35
338 62
227 75
528 10
865 19
147 46
17 65
996 29
402 36
859 92
879 37
664 75
162 54
609 54
986 36
786 62
315 26
187 17
708 8
201 93
641 46
110 85
427 46
879 61
950 87
778 2
