5000 80
342 7
272 96
540 17
475 19
519 4
745 71
339 62
623 3
308 60
624 81
98 99
220 76
980 82
334 22
604 71
18 61
829 61
607 34
342 43
501 87
77 10
283 75
973 60
897 50
561 62
498 48
387 47
160 11
163 70
238 65
297 34
395 18
940 16
88 88
721 76
849 89
955 22
889 3
973 33
590 31
332 35
752 45
148 71
284 53
923 34
202 91
484 100
584 90
494 65
343 67
910 36
677 32
311 22
147 14
404 84
11 95
461 14
415 94
770 12
464 6
389 99
95 66
559 98
780 95
766 66
208 26
928 3
277 40
319 68
465 82
953 32
226 19
688 72
366 47
51 39
457 51
698 71
989 49
548 93
953 64
