10000 100
123 74
235 9
432 44
96 74
151 1
250 4
791 1
873 2
377 48
472 36
135 30
849 57
99 56
263 79
10 24
17 43
946 85
376 76
515 55
909 40
731 85
378 68
351 68
112 98
101 61
510 39
583 84
624 27
860 53
404 96
848 93
998 1
627 28
476 17
615 83
216 22
243 70
200 29
282 47
105 50
642 28
443 22
14 18
39 12
644 72
696 44
729 40
528 98
380 61
123 18
301 79
767 24
692 28
698 8
470 29
265 74
752 74
874 39
992 61
372 9
392 4
957 99
634 86
399 61
634 28
609 86
273 36
51 44
796 25
242 16
860 74
565 72
393 96
878 15
631 73
725 90
674 80
390 10
350 27
650 87
545 27
28 67
773 87
154 74
414 13
920 32
438 90
40 67
897 15
581 49
619 22
284 5
653 38
870 95
313 56
960 5
679 52
684 92
98 97
844 9
