1000 100
673 5388
562 8129
787 9713
964 7506
200 9825
303 4225
569 2152
792 1280
650 9066
551 8589
586 187
227 2400
974 3510
966 1794
838 5986
353 2319
652 5423
443 8448
102 20
862 7296
639 3723
502 1827
146 2632
702 6936
877 8684
270 2760
652 2280
561 9021
706 6725
949 2871
35 9966
984 9413
701 7562
295 8753
503 9374
966 7518
206 4364
711 6059
60 9164
694 6807
657 9940
831 979
660 6561
493 7782
98 9406
495 9327
216 5571
578 6205
588 5243
748 9258
649 9550
683 548
114 7142
621 3062
124 1730
580 2286
249 1682
381 7082
622 1368
335 1710
619 9091
334 4989
572 3787
446 6545
929 533
298 3313
949 4188
424 1229
508 9792
607 6207
583 7356
213 5645
890 9055
336 8909
537 3865
20 2051
181 6668
551 3721
279 3948
406 5118
887 2567
659 7367
793 8904
361 9378
161 362
209 1948
475 3141
381 4735
660 4763
389 2498
851 6936
582 2453
841 8459
604 2287
744 4965
787 6822
825 7782
826 5340
660 5154
724 7811
