1000 100
885 1686
409 3505
793 5306
546 6457
836 6218
1000 3136
858 2985
88 4442
41 8906
112 9959
22 7351
608 6821
95 7671
154 4955
267 7650
836 4329
536 8317
681 2217
49 49
671 113
39 3685
943 3296
685 3758
12 4212
134 6047
258 2995
598 3757
682 5309
879 7519
515 1189
183 6943
300 555
791 120
660 5232
286 3603
380 4915
966 9769
851 6463
671 9588
215 1698
274 5157
858 5138
984 2875
302 8095
168 1325
535 5014
242 9103
300 3003
641 7279
150 3182
66 2560
900 6393
839 7235
688 2295
634 4550
18 623
359 1189
355 945
400 1439
37 3928
772 4450
990 3498
835 1688
721 9145
470 7089
625 2183
997 4506
426 1630
813 3255
236 8680
999 7061
461 8014
800 750
346 8671
410 5337
318 8650
153 5215
898 7723
465 1947
455 5630
621 4536
495 7985
821 4634
89 1201
481 9977
561 2992
692 3801
567 4967
50 5806
983 4924
94 8300
558 9745
5 4236
162 2252
300 61
336 9367
231 5986
547 9056
35 7211
403 6003
