1000 100
415 7596
345 2818
308 5590
86 3260
556 7198
184 5010
931 1606
223 5837
302 2318
306 4331
484 9391
307 9486
838 2146
588 7497
935 7439
12 1201
877 3702
45 8669
163 4063
892 3551
60 8695
290 4821
177 9296
928 5323
336 9587
717 3460
957 6510
250 1333
365 945
68 8055
677 4118
95 3847
132 3732
752 7188
465 7069
107 4427
501 2888
25 2497
724 2555
537 5524
22 223
378 515
863 5472
873 7687
641 2330
507 8476
11 4776
74 6350
671 7119
340 4431
835 3253
418 7375
102 5078
745 5651
255 2272
517 7127
907 7838
908 8348
598 660
575 2983
833 2083
726 1062
50 6534
322 7404
778 9434
525 985
469 2391
848 4921
136 8002
312 3022
320 4338
298 9099
306 6167
890 7810
621 1296
759 6870
425 1867
148 4458
351 8549
51 2019
654 5425
451 197
238 4596
148 837
773 760
896 9765
691 7523
483 7003
763 6143
512 4930
797 1466
40 5792
339 9166
811 2476
652 8010
829 2807
424 3434
721 6617
313 3731
985 7171
