800 80
240 3900
339 465
731 1592
15 1464
675 6016
597 9118
382 5675
779 9430
730 8881
408 5317
729 9461
678 6690
95 3341
473 397
536 3369
512 239
119 443
74 6013
18 6700
276 3465
763 602
703 8587
691 6899
377 5166
558 6181
452 3523
654 1754
559 2705
27 6985
659 7680
361 6746
597 3109
497 6580
426 3775
308 5934
66 6374
718 4754
596 6213
615 5252
800 7927
32 5469
535 2388
619 7358
378 3788
316 7444
785 3762
205 3408
315 1234
216 6827
608 6536
174 6073
668 5213
270 7730
627 8837
21 4445
628 9410
76 668
92 2072
730 3885
134 7127
263 2383
748 8245
354 860
573 5207
417 1796
477 7146
325 7557
68 2600
648 9337
124 3136
493 3337
397 5898
98 6873
281 450
347 9693
138 2062
398 1546
773 6136
603 9626
234 310
