1000 100
512 5390
922 7928
298 5510
234 3037
237 5615
59 3279
552 2929
665 1034
57 8527
168 1598
629 1340
29 5253
911 7897
409 9911
900 1905
847 3208
998 9234
129 4666
21 7018
939 671
607 5324
176 3442
688 1680
613 9800
356 6673
417 9617
89 6481
451 4176
510 8976
743 7369
831 3671
606 5008
428 1047
114 3090
959 9190
214 3727
489 6869
892 4447
323 9740
111 9772
747 8124
435 3389
952 4551
612 2623
320 4970
173 9212
47 6895
931 688
437 7682
247 5316
952 3408
537 4600
686 5213
230 9908
407 7370
202 2033
738 9046
678 7624
295 4969
875 6595
182 3407
138 5674
225 252
731 6513
810 9906
563 7165
939 1119
634 6841
56 8966
764 775
622 9830
430 1979
6 7362
131 4830
368 4569
293 6878
686 3437
970 2517
657 9429
375 2065
850 726
404 3580
21 1635
134 9897
101 7517
215 4775
800 3857
514 1748
162 4123
398 6085
135 8291
694 1548
857 6094
246 8491
803 424
121 8151
162 1269
974 170
580 3539
153 1082
