100 50
1 485
2 838
1 539
4 622
4 505
6 587
6 531
8 235
8 29
4 626
11 152
4 133
4 194
10 69
6 497
12 612
7 920
8 70
17 738
3 13
21 246
5 781
17 393
6 298
11 366
13 232
20 382
10 12
26 674
27 746
25 117
19 325
10 405
13 514
17 144
24 830
9 838
37 435
23 515
22 286
3 592
29 246
2 645
21 672
14 295
2 651
15 40
48 731
45 406
24 589
22 778
48 879
11 663
48 789
43 177
26 502
25 438
34 38
13 871
25 647
54 412
20 543
2 912
31 746
56 700
52 285
64 382
16 954
53 472
68 720
5 681
29 811
38 266
22 58
13 459
54 840
32 931
57 369
42 567
50 696
24 316
52 449
17 205
37 604
73 769
28 155
31 453
9 489
24 737
48 2
50 678
80 445
24 62
65 360
35 938
46 978
33 336
7 186
82 127
124
555
75
329
223
964
256
889
227
78
370
20
164
302
985
315
415
172
999
138
774
23
912
639
840
16
68
910
166
318
892
78
196
894
17
609
952
445
981
336
606
85
108
197
560
272
731
181
386
763
