200 100
1 575
2 983
2 693
3 315
5 874
6 76
7 357
3 604
4 832
5 285
4 863
8 504
7 559
7 658
8 581
14 29
10 141
9 573
18 213
9 685
13 23
15 162
23 694
9 164
19 217
18 241
8 46
7 364
2 954
20 741
8 167
6 319
26 757
20 663
33 227
21 108
32 394
29 219
14 230
35 389
29 147
27 290
11 15
12 564
16 161
34 639
31 340
48 120
43 359
9 425
28 180
51 703
14 361
19 13
39 618
43 253
36 691
9 200
4 148
7 882
32 958
51 417
25 865
46 615
49 159
62 86
27 311
7 828
28 918
47 463
1 185
58 641
71 854
24 582
62 374
5 775
64 204
66 402
77 356
72 299
26 911
45 915
1 822
32 342
13 604
53 365
11 845
11 659
61 245
37 840
75 280
53 720
77 29
29 24
23 999
69 402
64 198
10 799
56 465
61 516
31 293
23 88
58 170
29 378
77 863
99 105
53 736
29 657
86 721
91 178
90 462
24 657
112 560
11 643
49 177
86 749
55 512
55 566
104 677
45 443
88 835
12 682
13 514
38 282
4 71
64 607
29 850
61 829
79 947
7 713
40 859
105 358
49 784
120 54
20 354
43 696
121 807
52 797
4 838
106 129
59 970
17 877
68 761
127 53
64 412
74 679
120 434
74 283
81 969
102 824
49 926
54 770
43 33
123 939
82 938
102 287
59 793
67 428
5 708
10 217
45 444
43 206
6 714
66 306
20 937
85 997
130 20
23 700
163 658
28 702
73 318
24 381
47 364
141 816
65 605
144 666
79 705
65 721
47 263
93 384
141 303
135 356
137 853
24 360
11 446
75 514
87 249
169 944
188 155
65 705
28 842
159 553
153 386
17 120
81 15
21 991
39 543
2 52
106 707
257
667
745
265
595
244
769
332
419
817
428
894
794
138
908
263
256
932
768
259
96
33
148
719
555
76
832
951
394
610
962
723
894
749
127
75
251
626
867
918
399
577
415
144
454
820
43
841
596
385
114
293
480
855
412
376
491
364
178
127
333
53
773
263
925
378
15
855
218
506
219
221
597
210
60
641
62
47
960
21
90
824
662
554
948
836
132
719
360
13
213
984
930
52
426
252
916
817
526
550
