300 150
1 560
2 560
1 613
2 68
1 790
4 42
2 824
3 626
7 605
3 705
3 156
2 307
1 749
5 171
10 220
4 223
11 335
7 546
4 760
6 247
5 974
10 214
8 423
24 835
17 146
21 352
3 259
14 607
4 56
20 992
31 587
21 327
32 737
5 94
25 796
21 590
37 246
19 848
26 115
33 945
16 631
1 590
12 584
27 257
10 600
24 126
42 370
39 883
14 777
14 101
16 365
15 921
9 329
21 992
38 418
22 151
50 802
29 210
14 676
5 772
1 968
58 412
51 912
33 435
25 405
29 305
54 124
3 313
12 448
8 254
36 495
7 99
49 560
46 318
3 82
60 28
43 837
14 395
20 879
45 383
9 944
34 237
33 345
72 281
7 657
6 408
75 381
17 660
52 431
22 50
19 650
35 666
76 705
39 771
24 814
75 790
25 811
54 603
49 512
87 983
87 674
80 105
3 106
93 599
100 164
72 406
82 502
59 994
90 645
7 124
95 936
87 249
83 167
113 990
77 492
27 590
16 49
47 802
41 99
11 159
19 787
52 462
46 63
73 859
62 762
64 845
15 696
72 984
56 712
37 48
17 827
104 101
53 56
29 372
63 813
127 928
43 933
86 956
113 355
135 191
125 326
38 505
24 41
87 211
94 702
115 357
32 960
143 754
98 978
22 910
88 125
129 92
148 608
150 980
128 149
99 659
16 775
8 226
57 778
68 499
54 668
157 176
32 815
48 484
13 63
26 397
65 381
68 605
67 858
86 66
131 919
39 276
134 325
14 828
135 884
12 545
27 582
42 787
85 74
66 907
118 384
141 10
148 444
150 128
68 719
160 140
175 841
124 271
27 103
141 379
76 744
47 102
84 761
74 157
169 517
95 151
10 277
16 665
16 625
51 871
197 224
163 734
150 120
44 356
132 662
33 14
58 334
182 686
4 890
199 287
127 388
99 867
81 573
158 652
161 726
143 911
13 667
104 78
200 790
185 158
151 573
129 476
42 885
205 767
11 529
32 680
145 478
23 379
83 575
205 137
179 330
54 407
161 110
30 206
85 484
160 304
54 162
9 292
171 667
171 440
106 306
27 804
174 473
97 89
103 207
177 570
58 774
194 999
50 327
197 871
88 426
23 519
181 301
235 967
162 663
176 392
225 117
220 515
169 831
129 833
134 648
216 281
204 796
221 104
117 875
107 695
152 607
141 741
236 985
48 202
68 239
213 598
22 828
66 725
52 718
71 111
51 179
49 299
57 952
155 958
64 500
139 468
28 190
175 941
223 742
108 339
96 558
50 296
41 109
31 424
47 477
158 506
194 453
221 872
108 108
132 829
240 379
73 214
46 34
904
969
81
128
529
795
844
247
220
615
782
69
905
326
950
780
115
183
469
745
546
365
200
556
593
445
710
298
292
389
221
629
710
667
768
443
409
486
172
324
575
625
833
445
692
479
663
401
1
568
918
556
119
494
978
838
949
287
230
498
565
42
606
598
730
72
422
489
298
711
902
49
279
332
172
634
673
387
506
961
49
756
930
779
332
31
922
855
937
962
706
967
539
327
632
329
852
636
702
354
441
20
578
426
727
990
335
633
793
564
516
860
399
626
993
831
228
683
498
535
628
484
846
571
567
894
488
348
779
154
335
484
913
498
902
915
450
943
813
99
327
49
52
327
261
168
537
832
62
402
