300 150
1 794
2 963
2 911
3 762
4 310
5 558
3 792
8 177
7 769
7 712
3 639
6 317
4 367
8 637
12 169
9 113
8 754
5 583
15 681
13 505
11 821
6 36
21 752
10 738
8 105
21 425
16 484
23 331
26 163
30 762
25 139
13 753
23 893
20 680
35 775
11 745
35 20
9 645
20 701
13 754
30 381
29 971
32 135
5 570
25 634
36 402
29 58
7 805
26 896
15 962
24 210
38 191
39 642
33 952
27 550
10 483
51 807
48 978
53 633
7 508
13 156
26 540
24 860
48 310
1 493
36 850
64 624
28 413
28 421
28 915
52 516
33 215
9 16
33 442
35 22
35 914
48 319
37 754
59 856
14 553
65 393
58 486
7 520
82 974
16 821
26 226
86 479
78 539
55 939
73 212
44 71
30 991
5 171
76 865
68 991
27 487
17 919
38 221
74 389
99 840
19 159
91 912
63 391
25 202
102 92
66 678
79 222
10 160
13 622
43 426
85 608
38 853
59 136
75 444
76 315
80 127
108 167
33 72
16 271
26 268
94 760
19 720
64 128
49 476
95 440
25 139
54 407
108 268
97 258
59 712
113 107
46 647
83 93
57 895
74 578
134 745
7 170
50 280
62 340
131 561
34 494
96 672
56 314
24 477
14 702
47 572
60 829
5 82
102 56
8 509
130 37
81 611
96 952
79 919
55 850
118 160
26 685
107 396
56 66
151 371
138 130
12 874
63 674
79 486
94 149
19 16
94 601
35 46
79 844
91 498
143 743
94 314
156 971
160 290
140 575
120 404
34 148
98 574
130 824
172 160
170 74
78 904
133 798
154 477
130 897
99 904
162 388
162 545
163 495
151 11
188 113
136 793
11 697
99 999
135 418
157 197
19 812
108 608
56 387
145 319
134 432
42 804
135 773
81 741
26 674
189 403
41 805
31 465
32 630
9 128
20 237
83 844
105 728
25 21
124 878
47 179
44 977
37 486
151 906
10 693
89 813
12 110
75 814
172 176
150 294
106 902
96 57
37 282
37 343
160 935
40 783
54 389
53 551
223 75
6 36
169 316
29 55
82 163
6 62
135 670
155 624
183 963
32 112
95 140
217 710
67 296
44 89
75 787
218 259
241 774
86 900
224 763
209 417
186 361
88 472
62 10
35 400
185 64
121 372
260 958
107 246
106 709
142 631
111 315
241 376
102 661
193 74
111 826
234 207
125 247
220 354
38 607
225 728
77 372
36 165
226 573
277 411
260 458
202 977
207 874
274 632
31 626
25 931
177 103
163 342
241 842
83 798
6 271
208 470
179 412
69 381
84 752
84 203
153 584
138 634
186 118
52 194
144 242
141 416
173
398
227
881
733
767
694
29
515
591
884
732
310
700
346
272
521
386
304
624
874
557
706
515
495
286
890
389
365
981
46
700
560
634
50
682
857
929
893
818
176
792
444
66
282
696
723
398
287
143
828
829
743
730
919
591
611
292
735
994
579
484
381
329
406
138
573
200
428
490
949
967
472
747
552
270
370
156
777
419
602
665
995
440
709
245
194
291
166
214
848
695
911
843
481
396
752
910
40
996
800
947
826
584
914
381
941
264
997
748
796
451
638
399
674
346
428
182
616
315
43
186
612
379
326
670
996
73
613
633
520
272
31
132
411
470
487
750
822
78
696
267
349
501
897
222
275
635
908
306
