150 70
1 299
1 725
3 959
3 62
5 920
3 452
3 530
7 300
9 269
3 869
7 735
11 902
9 31
9 623
8 138
8 364
2 513
6 193
1 169
20 919
21 160
18 899
9 748
7 653
24 652
7 65
24 397
1 299
9 848
30 26
27 104
8 526
14 172
17 165
2 92
8 386
2 789
29 574
12 851
13 297
3 993
29 727
27 344
24 692
10 966
35 475
40 73
8 55
49 430
48 574
50 548
3 879
19 653
49 974
9 375
7 876
1 810
12 657
23 465
1 853
30 700
62 313
43 850
46 221
53 813
36 193
1 127
45 263
5 535
35 633
39 196
62 91
68 646
7 236
67 864
65 486
77 501
24 12
16 55
59 77
22 740
55 857
38 105
12 844
16 694
55 427
61 375
46 257
64 862
7 264
64 68
43 851
21 962
12 659
74 846
32 433
7 546
36 601
36 513
13 595
60 933
50 395
43 218
89 905
7 558
39 714
90 714
83 729
89 120
70 80
50 448
46 124
86 507
29 222
74 802
37 586
108 351
108 834
116 923
27 877
90 61
117 586
109 824
63 730
30 295
71 734
49 220
95 416
45 114
15 478
68 591
124 969
50 587
117 680
105 558
87 770
94 418
96 932
119 900
83 427
108 480
87 852
118 505
26 354
100 339
112 110
10 390
15 591
108 476
370
804
727
756
430
304
555
367
443
21
1000
614
694
759
974
704
240
904
776
907
224
223
754
898
146
958
314
772
393
87
999
3
85
550
772
822
499
153
454
98
628
160
781
589
468
636
208
717
814
187
684
964
530
723
881
201
800
864
728
312
479
542
34
294
51
33
989
174
568
723
