300 150
1 655
2 63
2 505
2 312
5 927
5 649
3 19
6 172
2 643
1 261
4 927
7 465
12 655
13 414
3 131
9 655
14 964
1 285
16 745
14 317
20 260
17 761
8 365
24 972
6 914
11 795
19 26
5 818
19 881
4 829
5 862
32 611
16 270
32 193
4 624
15 528
10 590
35 756
29 826
29 54
16 718
17 510
34 13
36 822
21 57
26 314
42 655
30 342
45 950
45 118
19 287
43 39
41 772
19 705
19 315
26 808
43 55
44 273
59 963
59 885
2 592
24 847
60 213
48 290
36 444
48 177
54 134
66 639
64 775
2 806
16 786
62 762
58 936
23 411
44 936
73 147
26 725
56 786
19 845
65 345
20 766
28 989
66 252
71 517
6 286
71 353
69 834
27 532
16 103
36 324
5 951
59 955
90 561
9 826
44 138
82 891
10 260
83 76
61 926
40 713
73 572
58 938
98 508
56 151
75 564
40 536
27 714
74 966
30 477
93 545
50 164
85 987
58 376
97 583
97 4
114 473
7 280
29 516
36 671
72 606
101 811
23 719
18 558
76 737
39 335
45 528
30 489
55 999
102 92
72 146
64 998
49 302
84 867
58 795
39 964
11 785
8 913
138 469
29 775
137 722
86 547
132 225
105 963
24 969
131 441
118 965
110 353
121 300
88 75
12 515
77 35
141 334
83 437
59 895
127 110
99 109
82 55
122 447
46 965
137 831
102 777
78 48
71 581
113 654
76 101
86 388
119 373
85 743
61 809
60 743
45 954
167 36
100 454
97 311
7 858
168 246
165 924
176 46
135 880
167 208
170 621
164 679
168 671
40 788
86 628
66 10
178 158
137 793
39 377
39 860
67 687
88 879
95 470
122 361
125 758
130 87
71 19
104 353
6 539
167 736
3 215
198 57
39 567
3 382
119 610
76 527
195 931
29 22
137 457
190 361
139 560
109 131
89 394
149 641
183 506
78 332
179 154
21 818
76 52
40 182
63 618
81 302
149 75
75 364
47 903
97 808
41 638
223 136
155 563
187 907
94 312
173 122
220 687
184 586
191 611
32 504
157 29
7 869
134 2
19 254
23 257
19 201
152 808
41 797
98 248
158 862
108 851
146 183
118 239
209 868
20 215
68 24
185 240
5 388
230 480
254 939
255 396
100 338
22 704
220 461
135 92
148 349
164 84
225 742
235 704
120 608
232 922
142 702
256 139
134 533
162 76
43 929
121 778
54 412
83 216
76 253
125 785
199 808
125 31
272 592
57 920
105 103
176 553
180 345
179 535
213 68
43 933
90 769
137 818
70 884
98 497
53 986
202 567
235 350
148 580
115 857
297 781
127 394
127 639
371
536
507
232
676
862
665
439
38
196
488
146
689
352
886
33
761
752
173
584
627
165
887
351
12
960
86
216
809
494
882
625
626
921
34
150
598
504
635
72
989
768
367
643
609
226
81
734
646
853
937
545
571
61
902
776
212
416
730
9
187
918
801
973
434
860
760
71
790
768
414
387
195
886
164
219
953
286
387
767
603
430
548
271
530
669
601
456
450
815
212
597
831
80
472
49
625
911
38
396
134
234
432
386
998
109
922
263
576
191
924
2
373
712
9
806
452
224
701
929
479
512
427
56
808
90
212
836
116
315
367
551
967
372
866
988
599
886
210
355
839
433
122
931
980
708
107
582
689
879
