80 40
1 637
1 427
1 817
2 440
1 138
6 715
3 495
8 367
2 48
4 724
3 175
4 885
12 677
6 87
11 865
10 98
4 216
8 111
10 601
19 944
13 894
20 261
18 750
20 783
3 733
25 584
18 794
6 431
28 113
14 64
22 538
6 222
16 329
1 691
33 898
9 657
19 209
21 956
13 262
34 174
35 979
8 975
38 573
3 737
20 372
21 506
11 724
28 762
32 806
28 622
1 371
49 681
5 507
10 274
10 111
47 343
44 64
13 264
20 746
57 693
26 572
44 225
40 784
16 937
2 151
45 31
36 855
54 968
37 946
30 870
26 143
7 990
31 300
48 776
19 229
45 316
70 334
49 842
64 633
484
240
254
609
780
628
299
455
452
121
154
862
639
581
120
438
972
166
926
547
240
663
736
614
140
412
944
617
329
717
219
458
377
61
404
177
683
381
752
415
