5000 50
1109 19819
3470 604
712 7526
2944 9774
3956 10456
3701 19950
1938 4245
3477 16002
3569 2098
3908 9323
3244 11413
4545 2079
1063 11776
2297 5691
4468 13588
1389 13504
1065 9210
2944 5331
1741 9624
3545 7032
984 9600
2240 6626
1199 8508
1491 15975
552 13844
897 9510
3442 16224
2809 4560
4137 2308
242 12782
3591 18002
1832 13870
3675 5782
2339 11406
1724 1894
2615 11664
1420 6560
1843 15683
2517 9889
3007 5373
493 6154
2183 6406
3275 11357
1001 7268
1063 15360
3854 19825
3975 16307
3687 6559
3479 16879
3867 19197
