20000 100
4285 12307
4753 673
4399 52021
1999 72130
6430 20773
1708 16105
3421 96922
6483 57132
7506 27354
1375 16506
9241 54253
3552 97249
4240 44317
3826 81480
7029 9174
6456 728
4301 78653
8274 62021
8944 92564
1520 74361
1346 46010
6328 97653
4579 53508
3286 5253
6988 46927
6527 83417
1002 43779
9028 7790
8121 28889
6491 47641
6189 71280
5995 80808
2594 8729
7810 66901
1148 91663
9990 33273
9586 10729
3716 61295
7990 97011
4596 12572
3139 81468
5851 79273
9730 75145
9894 2898
8677 7552
8278 64371
4726 26486
135 65935
1944 32787
4707 80106
2776 78563
3853 39164
655 98795
1583 39969
1938 1415
2979 78477
7984 49610
6508 36009
827 86632
1804 17611
9460 14809
1950 58672
2742 26387
5744 6668
6522 15609
5453 39493
6179 32676
1407 42818
9596 92787
6094 47493
373 48133
5869 96188
6701 54749
6307 48743
4457 10752
9779 64824
1926 69534
2646 47808
4697 76468
229 86639
575 32560
3079 56528
9719 91995
1890 56353
5514 43557
1745 71747
1303 45976
4776 34937
1697 72077
4025 72515
7264 57250
9040 40354
5137 45934
7870 55955
8467 54969
6856 68625
9190 80665
5680 70171
3346 64884
5130 83337
