50000 100
8918 35267
6635 47389
6039 15001
4403 61749
1716 45825
7662 47348
63 29215
5517 94464
4451 60794
9329 33595
1670 31622
9010 89738
5640 89494
8286 38124
9652 8315
2798 64415
8318 61549
7420 97136
9487 61678
2309 44927
8013 2109
6809 11869
3633 94083
3026 60026
9721 28098
3660 2341
8393 71477
5688 8093
5530 72703
9011 88951
3172 20258
5778 34654
1320 47272
2012 44387
2078 24683
888 95585
92 39406
1191 72408
4700 91372
40 56737
6922 41421
5173 2000
9417 21886
7657 71529
7070 91542
6344 28148
3338 12896
2497 40149
9764 96753
9538 47256
5162 92781
6022 82917
1166 84759
3604 90268
6973 92735
7895 67707
7993 62338
2346 48486
6115 51059
7784 79344
6606 29892
7271 87498
5497 7299
2841 15462
348 65364
7209 97907
3215 12459
7024 64065
5353 60692
9314 54547
2457 49217
832 18696
1113 63519
6408 49456
7889 71139
2271 20249
9548 48527
284 79635
8754 34612
1078 412
7317 68240
3939 77642
2273 61545
127 17712
5159 84222
5126 75680
2186 10374
3841 15359
3416 51963
5828 40548
7529 22059
3518 7358
2663 61058
7411 2504
4271 89211
1458 36951
965 44190
5929 14294
540 50415
8693 97942
