50000 100
6864 3446
1924 12301
6330 38217
2516 74286
6187 77346
7035 84840
1379 68682
5523 92795
5250 8572
9217 73252
9821 12355
3648 4726
7830 58163
6339 72935
218 54411
271 27463
6691 45721
831 6233
6554 38140
6748 43449
4146 94260
6361 13902
7666 97372
8680 95444
1347 99760
6135 23056
8499 30903
6927 84628
2116 28301
2319 62467
5084 87210
2068 49673
1978 12234
2297 59800
6876 37062
6304 74964
7997 96059
7710 60602
6863 79538
8104 55342
1025 24229
7567 51388
1670 29898
8010 71987
454 73075
4551 73496
4534 87416
5562 8840
4053 79668
5481 29794
2003 70948
8235 48205
4205 11992
8424 87245
8020 9198
6415 30548
9661 8898
6062 67517
4705 41253
702 15483
3344 4983
7962 76230
1843 61144
9912 24356
681 16645
2129 61708
450 65818
1723 45121
2244 91934
3051 11211
820 37925
1771 96640
5166 34298
5675 10790
8190 14383
8271 57937
5134 952
226 27591
4847 2133
1730 64201
2277 33083
4198 30577
5408 21229
9835 54273
5805 36508
2986 35837
1597 8395
8670 50726
4645 30803
2315 43549
9296 40847
4658 93217
9955 65432
224 30780
8069 44686
8957 23237
1248 93858
7565 42655
7808 77873
3736 50323
