50000 100
1 1
8816 57960
9515 4585
1061 51300
923 35339
3662 11933
5167 81242
6351 71146
6347 46320
356 53208
835 140
6019 76911
6533 83779
4152 81301
658 2201
4043 53112
1070 3649
2365 12114
4442 88109
7584 52969
7919 86050
7219 36900
2198 75900
2712 57935
8528 25533
7427 59620
830 55200
8649 17177
8995 18642
1982 76336
5887 25960
6890 88118
9955 81630
5720 2223
2031 63778
1727 3400
755 20849
3265 72580
4946 62861
7886 19244
824 17966
7586 16286
6323 67606
7660 74659
3618 77498
7855 57254
6189 7301
5600 68626
9998 1668
906 98769
2027 53956
2106 40121
6211 24212
2552 20303
7965 71386
3726 20287
3588 6196
2780 92886
7898 18934
482 71190
2332 43342
9018 70612
2796 20314
5996 25314
7557 9057
8542 35672
6608 22629
9683 45381
2606 8553
1083 20388
4742 26480
4981 32559
4321 27985
8329 30266
7173 97913
7699 48999
8068 17774
6788 72162
873 30572
5160 43165
4402 86159
8974 20936
5846 28001
3118 18103
9283 31955
4713 25681
1039 63186
4341 5299
1761 9591
2299 44821
856 82223
8843 59000
6304 54028
4101 24138
4232 54390
3144 22900
9322 8429
3738 88422
3362 36727
3327 21594
