50000 100
9940 63478
8618 77270
8913 57690
8095 57994
9686 17245
8710 3684
8614 794
9725 5130
8797 55330
8413 4978
9664 63637
8164 64145
8837 23964
9392 1669
8674 94702
9569 44737
8125 76309
9889 14509
9347 42042
9206 70813
8322 24700
8651 78419
8033 52863
8121 88534
8976 91203
9591 44898
9542 75161
8767 78503
8017 84779
9130 81774
8284 55515
8968 67564
9138 40002
8259 39721
9651 87110
9070 47051
8013 78394
9194 47016
8374 31646
8420 7365
8329 58463
8707 71149
8003 2246
9447 14938
8403 37388
9641 5607
8031 88244
8782 4108
8990 62917
8726 24722
8940 52318
9590 26155
9580 97577
9482 34208
8240 13618
8981 8035
9968 37345
9024 405
8387 15628
8108 1186
9539 69930
8819 34927
9774 57403
9681 67494
8502 10014
8233 62171
8527 49131
9737 23467
8581 57617
8032 91295
9026 16133
8169 97507
9235 82936
8064 97772
8330 34573
8637 49470
8924 49354
8866 77899
8883 51246
9912 23499
9861 15190
8176 62675
8552 61703
9865 67439
9902 68255
9142 49347
8017 58308
9355 11495
9973 59574
8438 53077
8183 79851
8363 20635
9840 58905
9507 25333
8804 90460
8670 79720
9783 66539
9401 12032
8978 63622
9773 67106
