1000 200 20
13 98 10
8 68 4
4 58 3
3 63 4
21 56 19
1 45 16
19 35 4
23 33 14
13 85 12
13 73 9
5 42 9
2 56 5
11 93 8
17 58 14
10 3 1
13 78 4
14 36 19
17 84 5
24 21 8
27 40 12
29 9 13
1 68 14
20 96 14
25 97 17
19 52 9
12 96 18
23 50 14
21 15 13
25 75 3
21 91 2
29 93 11
11 13 4
21 60 19
5 4 2
3 66 6
20 17 20
11 91 3
16 92 16
25 16 2
2 56 19
15 80 8
14 9 1
7 30 5
13 92 10
26 73 1
23 88 4
23 25 19
9 52 3
1 71 10
8 10 1
12 50 20
18 100 9
5 67 18
4 63 12
29 83 13
4 64 6
29 100 3
19 8 18
18 16 17
26 10 15
1 11 2
1 35 18
18 67 7
1 10 5
19 10 15
23 63 17
20 55 12
5 90 20
29 32 13
23 87 5
19 41 16
10 9 17
29 79 13
27 45 8
18 30 16
30 72 2
18 7 16
26 94 9
23 99 6
29 81 4
13 13 5
26 31 5
12 47 6
12 79 20
23 31 14
4 56 15
2 38 17
19 67 17
7 94 3
18 85 1
4 3 3
1 91 7
29 9 8
20 51 18
2 35 14
24 4 18
29 97 19
28 2 14
9 5 5
25 79 14
5 81 9
3 21 2
9 82 6
10 61 15
25 55 3
24 53 10
8 17 20
17 89 14
16 69 9
24 73 7
30 92 5
17 83 6
3 100 17
18 19 11
5 11 18
20 63 19
24 56 14
1 48 7
25 4 15
19 85 8
21 9 14
1 10 1
19 37 13
24 29 11
14 78 15
14 18 7
4 44 18
26 7 11
23 36 16
13 32 20
30 39 20
11 3 20
9 30 3
11 58 12
15 51 13
4 29 20
28 85 12
20 80 15
8 7 13
2 38 8
24 45 12
15 55 12
4 73 5
14 57 16
10 7 13
24 56 8
26 77 8
23 78 15
29 29 12
17 6 14
2 34 14
22 13 16
6 64 11
15 14 5
14 41 1
19 68 2
1 58 16
17 17 9
27 79 6
9 31 20
4 69 5
10 100 4
22 92 1
15 45 1
27 97 6
5 32 7
19 91 19
16 77 4
29 7 20
7 22 16
29 21 2
14 73 4
24 89 8
13 23 5
29 48 13
4 89 12
8 99 6
13 42 4
17 20 19
6 16 4
9 83 12
20 58 16
28 41 6
12 48 2
2 71 4
25 1 11
30 11 7
11 64 9
4 64 14
4 66 10
10 38 7
29 45 19
21 4 4
6 61 16
1 57 2
6 73 5
6 10 6
14 32 8
17 52 8
2 37 3
