1000 1000 100
17 56 58
12 43 87
30 20 10
3 30 14
1 79 7
4 47 2
3 60 81
15 53 12
18 94 57
23 46 37
10 80 30
15 81 40
11 97 46
19 19 5
24 15 47
14 86 57
10 64 45
10 4 84
30 82 68
3 100 33
1 72 65
7 29 9
26 29 11
9 35 74
1 50 54
13 84 46
11 47 3
6 34 46
30 87 89
5 37 56
20 97 87
12 12 16
18 14 75
5 71 1
26 29 72
27 90 86
19 97 70
19 82 81
10 52 11
29 35 26
1 73 27
2 19 34
10 32 56
4 79 22
30 22 37
19 13 65
9 99 74
5 71 33
15 25 25
26 89 46
18 60 63
16 72 73
8 98 70
24 9 29
21 74 77
16 54 20
10 71 36
11 16 75
9 78 88
30 73 92
9 62 98
14 42 84
6 40 15
3 74 46
5 14 100
3 1 58
1 79 8
20 87 46
24 90 46
16 78 46
10 53 4
28 78 86
3 82 49
21 45 57
23 39 85
30 52 47
15 51 87
7 44 99
11 44 18
1 87 72
12 42 52
26 88 55
29 23 28
22 35 18
16 99 56
2 76 100
18 32 7
30 28 77
12 47 52
1 49 19
18 23 47
3 7 19
7 32 77
24 38 83
13 69 35
16 51 49
14 65 85
2 16 79
24 46 57
20 43 79
10 58 1
10 32 12
4 18 63
5 27 56
27 31 64
18 42 27
27 37 31
30 41 27
2 35 71
1 94 78
11 92 64
14 16 10
29 82 88
3 17 12
22 96 14
23 69 49
3 55 76
14 76 86
25 8 52
10 53 86
8 87 10
30 10 41
19 17 16
17 100 80
23 39 7
17 42 28
1 91 5
20 71 43
12 48 52
29 26 85
7 65 85
15 27 65
27 94 43
19 53 28
30 9 99
25 80 2
27 30 1
19 67 9
23 19 24
5 21 46
17 73 17
2 95 20
7 4 86
21 84 49
29 74 100
21 45 21
30 86 68
14 82 63
13 70 68
10 34 63
30 78 51
14 77 87
25 32 55
9 8 83
11 3 55
29 59 41
16 8 17
9 14 30
9 10 61
13 87 45
5 22 5
25 43 7
28 97 73
1 72 88
6 57 36
15 85 19
26 74 58
19 61 59
28 53 20
16 31 8
19 42 15
21 69 45
7 40 11
21 10 82
27 88 89
13 68 49
11 20 61
19 80 83
1 64 71
3 17 64
1 75 57
27 73 71
6 27 20
18 43 68
18 4 5
5 19 73
20 64 93
11 73 68
18 67 77
13 47 26
11 26 13
12 23 26
11 62 45
30 65 73
10 10 56
20 51 21
30 80 58
2 66 75
21 53 93
9 60 7
26 96 72
3 60 96
17 28 24
22 81 89
24 82 54
25 70 93
30 86 65
3 4 36
14 61 26
20 63 67
26 37 82
15 24 91
2 94 7
12 79 13
20 21 20
5 81 68
3 25 13
2 34 18
22 48 20
27 75 78
4 6 37
4 62 62
29 41 71
27 86 68
9 20 26
23 13 77
2 47 50
1 6 14
14 63 28
17 84 44
26 81 92
25 33 96
14 59 8
22 39 26
21 65 32
6 6 43
8 84 100
25 75 13
7 81 41
17 7 95
6 31 34
8 56 77
9 92 33
2 33 75
3 51 68
18 86 66
9 93 33
25 35 53
16 44 91
21 35 48
6 64 62
14 82 64
6 8 7
13 80 90
11 97 52
4 39 75
28 62 69
21 72 63
25 27 36
15 39 82
5 40 68
18 19 89
6 56 81
3 33 6
11 45 89
11 7 89
5 52 11
9 90 83
20 98 19
12 46 46
9 93 55
7 30 21
28 62 45
23 80 14
4 11 21
8 97 45
20 68 8
9 22 18
24 44 25
15 4 60
25 42 26
10 70 86
12 19 5
30 84 76
11 59 81
3 46 13
16 43 25
12 61 33
6 31 3
20 26 20
5 87 40
16 64 63
7 11 52
2 24 54
20 26 2
9 40 50
6 19 90
27 35 11
30 37 4
10 69 35
25 84 16
17 99 25
5 23 15
30 30 19
9 48 40
14 24 46
13 65 61
4 9 92
13 76 3
29 88 59
26 92 63
3 41 28
20 83 22
16 35 21
2 33 56
8 38 99
17 56 1
23 7 69
29 60 60
14 45 22
27 83 57
22 39 94
5 76 39
6 67 16
16 97 27
9 66 13
16 15 27
17 87 81
18 4 22
20 73 34
6 59 40
30 47 90
12 12 93
9 61 94
17 63 51
25 20 71
15 41 82
24 91 59
21 20 62
17 19 35
3 44 66
24 24 87
9 29 48
16 33 74
2 46 17
14 41 75
20 36 75
24 42 86
29 66 64
8 10 61
26 78 16
22 43 17
16 31 86
14 25 44
22 55 64
27 11 6
10 64 98
15 62 49
11 46 36
8 98 25
23 57 99
2 72 26
24 1 83
23 39 45
21 20 25
29 44 24
7 38 61
9 97 7
21 41 65
16 76 96
3 71 21
15 15 87
24 76 96
19 56 57
26 55 9
24 24 2
20 67 43
12 36 82
27 15 47
3 93 86
23 43 52
21 9 67
3 37 29
10 78 65
21 89 3
17 1 23
1 22 66
23 97 16
24 40 57
16 73 87
28 13 37
17 50 23
13 97 10
20 59 34
16 67 26
30 87 33
2 6 96
1 9 55
8 17 83
12 33 94
26 1 32
3 61 44
10 70 66
21 58 58
19 61 12
7 30 87
26 18 58
1 14 30
26 91 37
7 81 14
11 32 73
1 14 66
25 93 52
24 43 26
30 75 89
24 77 26
12 67 54
23 89 47
3 26 88
17 56 12
9 24 39
23 34 80
23 83 2
6 60 81
2 46 65
7 23 32
9 89 33
19 29 42
15 62 38
15 19 32
14 58 52
20 14 65
12 52 41
19 71 92
2 22 24
14 52 68
27 9 58
7 63 56
17 90 2
3 43 77
30 20 21
22 84 93
18 94 51
9 24 14
1 1 37
10 91 12
18 74 2
13 12 47
9 41 21
25 78 96
21 41 10
30 5 90
8 60 34
14 58 32
20 85 10
28 24 46
16 94 24
21 49 12
6 29 79
3 72 62
15 10 77
13 25 17
26 88 31
1 46 57
8 35 42
16 9 83
3 20 53
12 34 24
14 80 16
12 96 2
4 41 97
14 86 44
5 79 15
30 65 19
10 1 93
24 84 77
3 77 28
8 25 11
12 71 29
2 2 91
29 35 25
7 31 40
15 51 7
7 84 60
11 18 89
11 66 92
4 2 78
7 38 98
14 5 24
18 85 46
25 23 37
1 58 10
2 84 100
7 81 8
8 28 18
23 93 63
17 59 51
24 86 36
20 41 36
17 38 65
5 79 11
24 10 100
27 90 98
16 21 44
17 75 44
27 84 80
25 56 49
21 93 77
22 38 87
23 59 79
14 75 62
3 31 59
10 29 70
29 100 74
2 87 92
9 80 95
2 49 63
25 7 75
12 100 15
11 15 38
4 68 90
14 15 4
8 88 73
29 65 8
23 71 7
4 98 41
17 20 80
24 9 23
8 87 48
28 58 85
14 17 85
16 64 92
21 93 37
6 70 45
5 95 71
12 90 42
22 20 75
8 44 51
10 73 56
27 11 40
9 48 51
21 92 23
2 91 90
30 25 56
29 98 52
10 66 69
28 52 30
23 67 37
21 100 3
15 68 68
2 78 50
29 34 47
2 93 75
5 58 76
10 86 91
15 83 69
30 54 70
1 65 19
11 79 28
6 91 66
4 88 10
21 42 48
14 69 92
30 1 14
12 55 18
14 88 83
27 32 76
24 86 73
23 11 10
16 9 66
5 97 98
30 13 56
7 82 31
12 71 87
18 1 45
18 57 12
5 80 82
18 91 9
18 83 49
15 10 77
16 56 4
4 35 27
8 77 33
19 93 51
18 74 5
24 69 24
23 62 7
4 24 96
12 79 60
9 45 7
10 84 16
27 85 27
21 14 35
18 56 16
12 41 53
9 75 92
14 22 60
26 66 9
16 42 40
19 98 13
20 85 5
28 29 72
30 21 51
23 75 63
28 83 17
17 97 33
11 23 4
3 26 25
7 57 46
7 97 21
20 65 73
25 76 71
25 80 50
23 91 6
8 32 3
8 34 36
19 19 59
17 4 66
11 63 98
11 70 18
19 60 71
8 23 10
10 62 92
20 92 16
30 53 85
17 36 65
30 98 96
18 85 14
29 38 43
14 40 79
17 100 41
27 2 81
20 58 14
18 71 68
25 88 43
11 65 18
29 92 31
7 20 76
16 6 80
28 13 34
20 65 28
25 60 90
15 29 16
9 66 61
21 7 2
26 47 40
11 37 53
4 79 28
11 72 19
10 4 98
12 51 32
28 14 58
8 57 11
5 57 5
2 11 13
16 41 94
22 80 74
15 78 2
7 33 80
26 24 74
13 88 17
14 38 45
19 67 87
30 90 57
12 97 96
26 68 41
10 77 48
6 20 77
8 18 80
4 26 66
8 83 49
22 42 99
24 83 91
6 29 74
14 31 24
27 38 48
25 6 87
25 76 8
10 61 53
29 20 30
24 25 18
5 39 97
17 46 80
18 57 71
24 54 19
10 26 36
7 74 75
10 14 22
1 6 25
15 41 9
2 30 55
6 85 18
26 68 63
28 25 90
4 33 6
15 72 62
9 6 96
4 39 9
12 67 76
15 23 78
3 78 72
6 86 69
1 54 60
27 74 20
11 23 58
12 76 18
15 29 68
14 69 15
13 90 82
13 49 6
28 24 73
2 88 56
7 16 53
8 45 97
27 62 31
26 90 5
24 92 86
29 56 16
13 93 26
8 25 8
4 4 86
27 93 31
5 54 36
22 56 21
29 59 45
7 59 1
26 75 84
11 91 22
24 31 21
26 90 32
23 51 62
17 98 81
20 63 21
29 86 78
22 10 66
13 30 90
24 51 99
19 63 68
6 25 90
20 79 40
27 8 58
4 40 28
23 61 15
8 64 87
26 28 84
4 51 87
15 87 78
25 47 59
28 68 87
17 98 20
15 100 64
6 46 56
12 26 13
16 54 92
23 71 42
29 78 3
8 56 42
23 8 67
17 41 79
30 81 75
29 5 57
30 64 18
25 12 59
16 41 61
24 81 15
29 95 59
22 77 74
15 27 2
25 55 26
23 90 46
27 8 65
19 37 48
15 19 39
30 9 40
5 66 62
26 98 27
19 1 27
17 39 63
29 53 20
29 85 38
9 56 66
28 77 40
6 32 29
22 17 78
11 73 75
9 48 74
14 91 88
2 18 74
29 63 36
28 5 10
6 51 84
20 32 10
25 93 56
11 88 98
2 29 22
8 83 89
14 56 89
11 85 29
8 98 36
4 21 58
27 77 36
7 12 91
10 18 37
25 33 81
7 49 65
17 28 70
25 69 93
11 84 30
20 16 60
21 35 15
16 22 20
27 6 89
19 58 68
18 97 34
1 55 87
29 3 100
22 27 92
5 52 36
25 14 37
17 98 13
25 58 24
8 77 88
27 73 53
25 94 86
18 63 88
1 93 77
13 89 1
8 43 49
5 93 90
23 74 61
8 18 23
24 11 88
17 35 57
30 61 82
13 77 49
17 58 9
21 43 92
24 60 86
3 96 9
28 18 58
17 25 28
21 62 58
8 86 70
14 21 11
9 27 21
7 93 33
22 19 34
9 61 89
28 87 90
7 56 54
1 36 85
1 39 89
14 91 50
8 12 31
11 52 27
26 21 94
30 56 77
3 60 54
13 47 23
27 34 29
19 54 80
5 73 20
26 9 75
3 46 1
13 80 10
23 57 81
30 71 60
29 3 43
28 19 72
5 15 87
22 9 34
30 44 54
7 97 91
14 7 97
27 65 47
3 2 85
4 74 66
24 72 87
18 80 79
16 66 56
16 53 12
15 44 47
17 3 28
5 86 13
9 28 30
13 6 85
17 13 38
15 94 63
3 30 3
19 11 83
3 75 81
2 57 34
7 89 61
4 76 84
20 28 12
5 83 60
4 31 93
4 72 36
14 34 37
13 85 27
25 51 96
22 44 52
22 89 69
15 36 64
15 21 27
17 35 73
8 26 66
8 64 83
27 40 32
18 44 61
11 55 86
7 55 90
9 48 31
25 63 21
5 28 18
29 34 100
3 79 78
9 28 18
3 95 5
14 64 21
22 20 86
19 10 50
24 3 5
3 25 77
7 17 73
15 11 19
3 24 30
30 42 66
24 27 47
12 69 72
23 93 25
1 37 57
30 14 73
19 30 14
28 20 77
16 80 91
15 33 46
7 93 25
7 42 18
2 69 35
7 1 82
5 13 48
11 42 75
19 84 99
1 97 3
3 61 51
13 65 38
3 16 94
11 52 98
14 18 14
1 45 20
13 15 10
14 81 86
17 35 72
5 16 49
26 7 10
26 53 56
20 55 46
26 61 20
23 5 82
8 34 43
28 70 21
23 93 20
8 16 35
13 89 24
9 77 34
16 49 40
27 74 71
13 46 24
13 60 97
15 21 27
25 81 37
17 46 64
26 43 72
20 70 83
26 48 5
28 10 27
12 84 4
1 95 15
21 28 92
9 89 35
3 91 32
5 11 80
23 36 24
16 78 86
30 28 48
24 54 19
30 30 88
26 26 63
26 28 98
11 71 24
21 96 63
4 81 94
5 70 42
6 74 17
14 13 39
23 6 11
13 69 24
6 43 39
26 53 48
