1000 1000 100
28 7 10
29 78 61
27 51 19
10 30 84
29 65 69
4 46 34
25 81 75
17 54 36
19 8 61
30 63 99
27 74 36
18 89 98
8 22 83
29 60 29
11 100 71
2 79 7
23 30 3
25 55 40
5 14 55
19 73 77
29 82 46
4 31 26
17 75 80
15 65 98
24 29 75
27 56 96
23 48 91
6 48 96
28 10 45
11 50 85
5 50 13
5 92 93
19 5 75
16 34 96
16 23 25
19 84 44
7 77 84
1 16 97
14 57 46
24 34 29
14 65 5
20 22 26
3 2 89
7 21 95
30 83 29
19 77 49
6 54 51
15 17 23
29 72 25
27 73 20
20 95 3
4 38 47
3 61 100
10 95 18
30 51 72
21 8 66
21 15 2
22 78 14
19 9 61
24 22 70
23 5 66
5 44 8
3 89 8
30 11 31
19 54 59
30 53 37
14 45 22
24 93 7
6 79 77
4 82 20
21 69 13
5 6 64
26 17 75
21 36 12
22 63 37
12 40 41
10 17 55
6 73 15
17 57 43
4 84 83
22 87 14
9 20 45
17 31 6
28 96 46
21 24 64
24 69 69
4 72 24
26 16 46
7 99 80
21 53 66
3 1 46
15 89 13
13 15 11
3 12 76
10 50 100
20 100 8
9 99 40
30 34 88
27 73 86
17 1 44
11 57 77
25 13 36
9 94 2
11 14 26
2 71 44
12 50 70
9 2 84
6 34 90
27 83 42
23 83 53
29 14 73
30 32 56
28 55 3
29 17 92
21 30 48
28 27 12
22 4 25
14 14 35
23 51 45
30 83 86
22 3 5
8 2 32
26 22 13
13 40 89
13 37 54
16 90 61
15 95 25
15 87 16
3 14 53
23 5 90
29 68 14
4 4 55
18 15 17
21 27 74
26 8 31
18 96 100
21 75 2
7 72 14
9 75 41
20 63 58
1 20 2
11 93 66
14 18 45
10 57 66
25 63 1
2 86 20
19 16 93
4 36 37
10 9 23
18 98 16
5 18 93
14 15 57
11 71 33
5 73 3
28 32 38
25 26 46
3 47 14
29 82 73
11 96 13
12 13 95
3 11 98
21 97 7
23 43 9
12 93 98
12 77 91
10 61 19
18 35 4
8 53 48
19 49 49
27 77 84
13 23 38
19 53 22
8 47 70
27 43 31
23 2 38
19 40 42
21 63 13
14 95 55
29 10 14
5 58 37
2 1 23
19 57 95
29 98 7
19 25 94
29 93 37
11 4 61
30 59 71
2 58 19
13 70 92
18 75 20
19 53 74
26 35 4
21 52 21
24 73 25
13 99 6
9 46 59
2 50 25
5 53 76
20 22 62
21 100 61
18 20 57
11 7 62
29 24 24
1 7 87
17 97 95
11 23 69
4 78 9
4 21 84
23 91 91
18 53 23
21 55 16
18 10 49
1 12 45
5 25 4
17 76 76
26 13 44
30 48 84
17 89 69
4 98 13
10 23 76
22 92 24
30 10 39
19 31 81
21 68 74
15 86 41
23 15 20
13 3 77
11 14 39
17 17 34
27 64 53
10 66 45
18 79 39
5 40 85
3 13 31
6 82 79
16 2 94
25 12 78
21 82 20
20 39 4
23 23 35
2 40 60
13 58 38
24 84 12
19 91 48
10 1 34
18 23 65
2 31 11
21 73 84
19 1 66
4 11 55
11 8 59
16 45 80
29 27 82
28 89 66
15 34 35
8 35 73
6 81 99
14 12 44
17 42 21
17 36 14
25 4 89
18 40 37
24 15 100
18 50 90
10 79 53
1 95 11
13 57 27
4 4 9
22 95 42
11 37 43
10 94 83
7 68 65
3 11 94
24 66 55
21 34 73
28 13 65
27 75 68
22 30 64
9 17 57
9 26 53
18 83 37
4 93 29
6 91 54
4 52 50
15 31 69
15 52 81
18 14 62
30 52 89
6 35 68
1 90 35
9 21 10
7 6 91
22 35 42
7 86 80
26 81 46
25 66 5
11 87 38
24 84 16
21 82 98
20 1 91
4 59 27
3 52 15
3 70 30
13 59 17
24 43 36
12 6 77
3 39 29
19 7 40
29 19 2
13 74 47
11 71 63
6 66 75
1 99 47
25 31 11
10 87 53
2 79 85
11 34 63
3 99 31
25 29 77
25 2 79
5 91 90
4 42 14
28 21 80
11 89 49
24 58 6
27 86 26
18 35 57
16 3 71
4 21 94
18 6 16
15 12 34
29 36 48
23 2 3
14 93 60
10 94 88
11 3 57
30 77 44
30 46 90
18 22 19
11 91 87
5 92 72
25 22 3
13 77 51
9 86 2
28 45 3
22 63 29
14 47 49
20 26 52
6 7 18
12 29 86
8 54 89
18 44 43
8 76 61
23 43 23
20 1 70
2 64 51
18 66 90
15 3 89
16 45 87
7 63 58
30 45 88
7 32 76
29 48 47
26 47 28
16 67 53
4 15 82
24 45 88
29 27 46
23 32 75
4 13 55
27 80 95
11 43 45
6 54 11
12 88 92
30 90 3
6 6 25
24 66 90
7 64 22
29 81 99
25 33 100
12 17 65
15 86 77
1 88 78
3 74 57
14 33 49
24 72 88
29 32 8
18 56 84
21 94 39
10 70 53
8 20 50
20 44 53
22 53 20
15 7 75
11 84 93
26 54 91
13 2 13
10 27 43
13 81 95
17 65 30
22 2 22
9 83 71
28 85 85
16 46 43
4 18 66
3 24 49
14 2 10
3 76 62
17 1 45
25 80 88
18 64 65
3 59 7
6 48 37
11 85 85
1 9 10
11 27 3
29 74 58
30 30 92
3 96 92
19 78 39
25 16 85
28 5 61
10 69 83
4 23 23
30 21 93
19 54 65
20 22 18
20 35 2
13 93 61
10 51 23
26 9 61
8 99 48
10 46 54
7 6 17
24 55 61
25 73 33
11 90 19
18 91 15
12 6 67
13 36 59
16 46 61
8 61 56
10 57 93
13 7 22
15 22 58
30 36 33
27 27 63
26 81 26
9 16 34
22 80 74
14 82 6
4 56 70
2 39 79
1 37 15
2 93 45
13 90 73
5 30 13
29 69 73
20 90 58
21 42 11
6 4 5
19 79 82
11 35 14
4 69 99
8 86 29
24 22 57
12 76 15
4 68 51
19 75 69
4 23 100
24 13 77
5 55 93
12 47 23
17 73 100
8 14 99
11 86 52
2 65 65
7 18 97
21 47 37
7 58 33
6 49 76
11 5 30
7 50 75
4 27 34
28 74 10
27 45 41
9 62 17
30 29 96
20 78 8
26 31 81
25 49 65
28 29 26
21 68 61
2 35 90
7 61 4
13 34 90
7 76 9
6 62 47
9 73 54
30 65 84
4 79 35
17 34 45
30 53 69
14 43 74
12 19 58
30 81 42
12 50 84
28 23 1
18 97 9
16 73 92
6 3 25
4 81 73
15 77 52
22 9 4
6 10 51
18 47 90
12 46 67
27 87 73
26 77 65
7 45 84
4 48 49
26 95 31
3 95 4
2 79 40
5 41 74
27 59 9
13 9 91
15 64 68
7 60 26
26 63 28
5 78 4
17 79 8
8 92 37
4 79 36
13 47 83
13 44 84
21 15 23
29 36 59
19 13 55
16 50 15
11 87 98
30 59 89
28 55 63
27 53 73
1 87 20
2 98 1
9 100 60
30 23 3
25 90 99
19 89 38
27 44 47
17 10 19
28 9 38
1 7 16
7 68 38
10 25 33
27 19 99
27 3 23
14 59 10
16 48 16
11 40 69
8 98 9
25 52 38
7 67 80
22 93 8
24 92 23
1 58 65
23 27 45
26 76 48
3 1 30
28 84 97
5 6 97
25 94 94
28 19 14
19 74 41
5 15 94
23 50 93
30 71 6
20 72 11
17 87 41
3 90 37
16 86 29
25 85 98
16 11 84
5 57 7
20 15 13
7 8 52
30 5 77
18 21 70
3 38 16
20 72 2
5 3 13
5 93 31
2 4 6
19 48 93
14 10 81
6 15 79
8 50 84
24 45 74
28 2 96
16 30 77
27 13 19
28 69 84
7 95 91
16 42 61
6 69 4
14 44 77
2 19 4
2 3 7
13 57 64
23 52 47
9 15 81
8 8 60
12 82 49
27 73 60
28 74 67
14 50 85
3 46 62
15 76 11
18 48 63
16 61 55
15 23 16
5 55 28
28 85 97
16 19 92
22 34 64
8 59 22
30 7 51
16 14 30
10 4 75
18 31 74
2 85 40
30 78 43
22 91 94
24 36 5
14 80 41
3 61 9
4 9 57
24 61 72
9 59 9
1 73 97
2 65 65
6 2 58
23 66 28
5 50 100
2 50 13
5 28 95
2 43 37
27 5 80
20 23 98
30 12 45
2 26 3
21 85 41
4 22 55
14 21 8
14 82 95
15 5 60
22 19 87
26 76 100
3 14 2
25 93 58
27 28 11
26 3 56
18 53 58
19 82 19
8 69 27
12 36 97
12 12 52
2 83 2
21 53 89
1 7 7
1 18 4
9 88 23
30 43 51
26 99 5
6 64 64
28 22 65
25 95 14
28 88 7
23 64 68
19 11 48
1 64 85
10 100 70
11 69 46
28 48 35
8 95 56
15 45 64
18 62 47
15 4 70
2 7 97
28 59 49
20 51 15
16 51 19
7 69 50
2 12 39
13 13 43
30 98 27
15 72 18
15 63 68
7 34 75
11 64 69
18 64 90
6 93 40
30 2 50
18 83 46
25 72 75
23 36 65
27 71 50
2 85 96
13 31 69
12 95 18
10 6 79
11 97 63
21 59 48
9 93 38
18 57 69
30 44 4
28 63 5
5 45 97
27 7 75
15 11 45
16 68 44
14 26 100
13 6 49
12 56 36
3 22 35
1 92 94
5 35 99
18 98 72
22 68 41
1 12 66
24 86 8
9 58 12
16 58 6
14 1 54
19 98 95
25 46 18
10 31 7
8 43 16
24 60 99
25 96 92
30 27 49
16 72 39
12 30 47
7 29 59
20 55 5
26 45 77
23 61 2
8 59 74
19 63 67
15 92 47
17 62 43
8 57 6
6 42 86
15 7 13
15 6 10
11 60 29
6 52 22
16 94 75
23 41 87
9 57 11
13 8 13
20 32 61
20 60 96
3 18 68
4 22 72
23 35 90
1 86 93
28 28 62
22 16 77
22 76 28
8 24 41
12 37 48
18 74 50
26 48 66
16 50 49
20 69 33
13 45 40
11 2 3
7 77 18
22 23 23
26 80 91
5 6 16
27 72 91
11 73 89
28 94 46
9 58 77
30 22 64
29 46 80
7 69 20
20 62 9
24 97 82
6 51 87
28 49 14
1 24 23
13 33 25
11 80 93
23 66 26
2 64 49
7 28 66
3 8 90
11 73 66
24 54 90
5 95 5
3 67 94
20 73 29
23 45 8
8 80 38
3 60 100
28 50 75
17 15 19
25 25 1
4 53 49
11 94 38
24 27 61
2 6 32
4 78 17
13 73 55
26 21 16
23 84 98
30 6 59
23 46 55
13 52 76
27 58 6
23 56 79
25 56 48
26 51 65
24 100 77
22 42 18
28 10 36
19 28 88
26 80 56
8 81 78
7 93 93
20 29 76
1 14 17
2 71 5
28 13 89
2 77 25
3 80 46
3 61 45
16 94 51
30 88 59
4 82 24
20 92 15
21 57 5
22 44 11
15 76 99
26 47 94
19 14 75
28 72 34
17 27 61
1 7 82
3 1 52
1 1 2
28 39 68
21 79 34
26 23 9
20 87 8
4 81 7
8 76 10
11 18 52
8 99 47
7 6 18
14 46 24
8 21 57
9 3 44
3 29 26
26 92 19
17 35 77
3 59 96
22 5 76
14 95 24
10 41 49
2 60 11
6 4 37
22 73 87
1 26 14
9 65 42
24 48 73
27 92 55
7 21 49
28 34 92
9 9 35
15 29 56
23 13 36
5 77 65
25 4 19
18 5 28
16 35 47
13 20 17
24 55 40
22 89 42
4 32 29
14 55 70
17 71 82
4 79 3
21 21 72
7 99 15
17 12 27
10 59 1
24 17 62
18 32 61
24 50 91
4 1 64
2 14 7
21 47 50
18 32 96
19 20 90
23 42 31
23 77 39
2 43 70
9 44 71
21 52 36
22 61 51
10 70 98
23 63 38
18 97 48
18 62 92
9 12 83
12 93 50
19 66 53
10 68 2
12 27 88
10 5 93
25 94 82
12 40 27
14 24 9
9 62 6
24 85 69
13 79 100
12 84 88
21 22 19
8 23 24
18 6 15
14 57 20
21 54 99
30 33 91
23 39 77
13 72 65
15 27 13
13 79 52
26 41 65
28 19 89
13 62 88
14 25 40
1 61 56
5 48 14
2 94 49
1 90 63
29 51 81
17 43 43
29 36 72
27 91 73
18 32 64
23 38 97
21 39 34
13 2 31
25 28 46
8 4 46
4 48 93
22 89 91
11 70 27
9 94 35
3 76 98
10 96 51
29 81 70
8 35 80
23 7 28
16 79 98
12 26 60
18 77 35
2 84 15
5 83 99
3 58 71
10 64 64
29 8 89
25 50 9
26 51 82
15 51 43
16 45 84
11 87 66
20 22 85
10 48 14
14 10 90
9 30 95
22 17 81
17 5 53
20 94 65
9 33 38
3 88 44
24 27 68
6 24 26
7 88 37
5 80 86
12 43 85
9 29 22
22 54 95
15 24 27
15 87 76
