1000 1000 100
9 19 56
28 63 49
11 20 73
19 16 79
13 70 20
15 80 34
29 66 57
26 54 1
23 94 32
28 36 58
24 46 89
24 90 16
9 25 28
12 75 83
13 71 81
12 57 10
12 18 91
7 100 36
12 36 3
17 65 74
12 14 13
1 53 37
30 89 33
4 24 50
13 75 73
4 42 45
25 2 37
25 50 4
4 42 71
16 13 59
13 17 1
22 44 64
28 23 23
11 55 24
12 73 99
24 26 43
2 15 44
21 46 12
20 55 71
5 3 57
4 41 39
11 62 91
10 23 91
14 39 24
24 8 99
16 36 6
13 51 82
5 90 56
12 2 61
30 58 82
27 98 88
28 21 73
22 18 53
16 31 27
12 79 63
23 87 62
7 39 48
11 28 51
6 22 60
27 38 27
17 25 65
18 77 75
20 40 11
7 58 94
13 95 40
28 65 59
29 8 50
3 18 92
6 41 50
6 60 28
2 77 7
22 88 47
27 79 91
5 1 94
5 68 87
4 50 5
15 62 56
3 74 67
20 96 14
3 62 34
22 6 32
25 35 25
5 30 10
21 14 4
11 76 98
8 88 84
30 78 58
5 13 85
16 54 17
26 73 93
17 87 61
30 42 50
3 90 9
28 2 65
1 25 1
24 30 79
16 35 76
21 55 93
8 68 25
26 29 18
12 11 29
24 32 76
29 22 68
28 29 56
28 52 6
9 18 52
3 1 83
21 78 12
22 44 60
10 94 65
18 52 16
30 60 61
2 30 6
28 79 18
14 49 2
12 33 10
24 84 55
18 34 60
10 71 18
22 4 15
18 4 17
3 1 93
9 62 80
3 21 6
27 4 16
7 75 71
6 2 58
20 25 64
21 85 3
17 71 71
8 71 41
6 64 46
24 71 37
14 88 48
11 4 50
4 30 46
10 87 8
19 57 6
9 41 46
27 4 98
9 88 74
9 1 49
9 45 64
17 1 34
23 6 53
4 46 30
29 89 51
24 82 65
29 21 48
21 38 74
13 49 94
14 50 86
17 21 61
10 3 100
15 17 44
10 79 84
7 18 36
3 90 55
22 35 90
10 76 73
30 70 61
14 7 37
6 25 24
21 38 51
26 73 61
4 63 68
12 72 11
24 99 30
17 54 74
11 1 46
8 62 4
13 53 7
22 58 55
21 52 84
1 14 84
8 81 98
23 26 100
5 60 43
26 37 69
5 84 1
19 39 78
21 42 92
17 77 81
25 66 81
2 58 93
2 79 27
5 14 7
18 4 74
26 86 44
11 30 14
21 83 22
14 5 29
21 72 20
3 36 58
16 79 85
26 44 81
30 32 48
30 40 29
17 94 63
25 52 65
7 14 26
17 60 87
23 21 17
10 30 95
26 49 6
3 54 92
2 23 20
9 17 92
29 96 58
29 65 64
24 66 73
17 10 20
20 58 52
4 37 86
15 8 48
5 77 23
5 79 80
15 1 26
13 32 100
14 34 71
24 13 51
5 22 82
2 17 55
18 76 69
16 31 2
4 76 16
11 88 92
15 83 58
7 2 72
29 11 60
25 68 63
20 33 12
21 71 31
5 74 5
3 9 94
16 47 33
2 8 70
11 29 72
20 84 83
1 60 22
25 93 60
15 37 81
6 13 85
24 77 11
26 97 3
3 45 37
7 94 99
28 83 16
1 25 37
16 91 48
7 94 10
24 22 29
12 50 28
12 18 80
6 3 27
26 33 100
29 31 41
20 71 43
4 67 26
8 11 31
26 59 90
10 78 63
24 78 90
12 86 55
1 61 37
27 93 46
13 100 31
6 23 92
23 67 62
10 71 69
21 99 22
5 1 11
9 34 83
4 8 18
19 13 35
9 43 67
28 68 7
24 18 7
24 67 53
3 79 5
16 30 77
3 2 20
9 34 53
2 80 14
20 88 50
2 42 63
1 29 59
15 77 24
6 77 58
27 44 21
21 89 44
16 28 80
22 93 78
15 100 43
14 2 90
16 10 9
18 90 5
10 87 3
15 29 39
19 18 41
24 32 46
23 60 70
29 99 94
13 10 90
29 95 53
8 55 96
20 85 90
14 38 43
20 64 26
23 59 92
6 63 7
6 36 90
1 79 98
24 87 74
23 26 70
20 27 34
10 78 55
28 39 47
15 30 76
6 63 66
3 1 23
20 92 61
24 32 27
12 7 2
14 11 8
2 6 43
22 77 67
17 21 95
25 24 67
26 50 52
8 66 68
14 15 8
7 8 75
23 60 81
21 69 7
28 5 23
21 88 86
24 39 62
29 10 64
21 96 55
28 14 82
27 4 95
30 18 63
20 85 23
19 92 60
20 57 3
26 70 77
7 72 94
5 17 52
16 51 40
27 9 85
13 73 30
2 54 50
25 70 19
24 95 6
13 8 10
30 93 69
3 82 55
30 4 46
15 92 47
17 12 15
30 38 99
16 4 33
1 6 81
17 59 22
4 100 72
21 70 8
12 2 41
18 53 87
14 65 35
27 2 22
12 98 64
29 79 38
23 69 67
18 4 37
8 46 71
17 56 2
2 89 64
4 50 86
15 48 1
13 68 6
10 74 52
18 4 77
29 35 25
28 56 97
21 45 27
5 46 5
30 51 55
10 34 92
8 59 41
17 18 18
22 32 91
22 93 15
11 96 41
27 50 33
6 25 83
19 41 51
19 83 14
1 82 38
18 52 46
28 38 4
9 42 60
2 13 31
14 98 3
14 62 20
26 89 73
20 53 66
14 8 84
6 74 90
13 91 37
6 32 47
22 19 46
5 37 30
19 32 9
13 54 80
19 58 62
10 87 36
7 94 61
27 77 9
29 69 36
8 55 37
25 2 38
27 78 26
16 74 90
13 84 36
5 66 76
16 47 8
5 10 32
2 2 2
12 99 75
6 74 31
29 67 27
4 38 28
20 37 82
26 96 54
28 26 9
18 12 58
17 12 87
1 14 57
7 38 32
29 51 100
29 45 72
17 65 44
16 40 85
7 45 49
4 28 72
26 52 15
1 36 65
14 23 100
20 32 69
6 86 80
13 79 9
7 93 70
13 44 78
13 94 97
1 3 3
8 49 76
12 73 10
6 74 2
23 41 79
10 42 8
23 34 97
23 81 2
19 93 55
27 40 96
12 67 45
15 12 6
14 89 34
12 80 20
30 93 79
8 29 28
16 2 38
25 30 95
24 52 42
10 17 78
6 76 5
24 56 83
21 96 68
30 52 28
8 59 47
1 16 47
23 100 55
17 89 36
26 55 32
30 47 76
28 44 63
20 34 53
19 46 82
15 4 5
17 10 61
26 100 70
11 87 6
26 10 88
5 51 91
18 4 64
26 4 72
23 1 94
12 32 11
15 38 43
26 93 38
17 36 31
17 4 38
7 55 36
4 34 7
20 5 85
8 95 80
9 12 82
14 100 51
23 71 17
23 61 78
20 98 61
5 89 69
23 29 29
12 29 3
29 23 33
20 66 4
1 85 22
13 10 61
27 50 44
23 49 5
30 50 19
10 34 43
30 46 37
8 29 66
13 36 83
9 39 5
5 97 72
21 59 92
22 60 33
3 34 21
21 45 90
25 63 50
22 75 73
4 51 40
24 53 63
23 64 62
18 93 49
17 96 43
5 39 50
15 30 68
8 86 62
7 27 36
24 91 57
21 2 74
8 95 8
7 30 23
19 38 11
1 98 65
20 100 22
13 1 62
27 96 51
4 5 57
3 44 33
17 31 68
22 47 60
2 60 58
1 45 72
1 18 51
18 85 26
14 40 80
12 28 75
7 14 39
22 65 74
22 70 48
8 33 76
18 19 31
30 54 100
8 49 18
19 8 83
4 32 6
12 51 100
28 59 95
11 96 89
27 75 12
28 92 25
24 27 54
3 42 41
13 27 76
5 9 93
8 6 99
30 47 53
20 92 27
24 18 88
19 16 47
20 94 97
8 28 48
16 60 92
19 40 18
6 63 58
18 11 55
27 3 35
6 16 58
19 9 83
9 56 74
27 21 69
18 33 71
11 35 64
17 51 35
24 85 91
1 84 65
2 62 35
2 56 78
8 15 13
18 100 74
20 20 15
27 93 80
2 18 74
23 96 52
23 16 75
17 90 90
25 35 29
27 97 23
25 30 71
27 59 51
11 34 83
15 52 15
12 67 88
17 58 46
15 11 74
16 45 25
24 16 83
9 31 78
1 19 13
18 63 69
6 95 70
7 79 88
16 74 95
19 23 26
27 51 59
16 40 12
23 13 35
13 74 9
26 16 100
11 84 11
18 45 96
18 72 34
9 59 8
17 27 74
4 3 52
17 45 44
10 66 74
6 83 65
13 4 24
20 95 23
22 93 95
8 28 41
2 9 98
20 69 38
19 71 42
6 44 95
20 11 34
24 55 25
21 15 76
17 100 38
26 41 1
22 94 78
11 100 46
23 27 24
19 62 29
8 52 4
25 41 99
26 58 88
11 83 50
16 5 21
2 69 30
2 56 19
14 84 75
16 56 12
20 61 47
24 69 5
28 70 41
3 31 62
5 26 19
23 81 90
19 66 27
30 2 56
2 63 13
14 32 88
17 52 25
7 43 17
14 34 39
24 42 32
13 76 18
26 10 24
30 10 15
16 87 96
24 73 29
3 19 26
6 46 95
3 67 11
13 54 70
3 72 22
8 34 35
1 13 60
17 5 42
25 44 24
20 76 31
19 55 21
22 18 26
10 64 38
6 59 64
21 45 45
23 96 49
23 78 85
19 23 62
20 92 65
22 49 1
18 55 16
19 71 100
21 49 59
28 25 21
28 45 87
8 81 75
5 46 47
29 53 39
17 62 29
5 12 41
10 46 45
13 4 26
30 97 50
10 76 60
25 74 58
9 30 90
30 48 21
12 41 74
9 55 29
24 12 57
10 11 7
26 63 53
4 76 12
16 88 95
13 61 38
13 13 53
22 73 34
22 99 18
1 13 42
5 33 95
8 41 14
17 89 65
30 47 34
4 68 76
21 13 83
10 15 64
27 24 16
1 30 93
9 49 34
14 4 56
18 65 16
3 49 8
12 85 53
13 5 30
13 89 76
2 54 76
18 33 33
5 75 100
27 18 5
10 7 5
20 33 55
28 25 67
3 96 5
15 18 92
4 40 63
4 38 68
2 15 60
10 38 95
27 97 63
20 51 15
4 88 53
6 12 27
20 73 72
22 38 19
5 15 22
20 29 91
23 84 83
19 72 75
16 11 60
20 47 54
3 27 87
22 19 58
17 97 53
27 100 58
5 85 77
17 77 16
14 22 3
26 47 69
3 17 71
2 10 62
4 19 83
8 40 62
3 7 31
24 43 19
20 52 26
30 90 55
8 91 19
29 64 16
9 31 8
7 46 78
9 71 35
28 83 6
13 1 75
22 77 71
7 16 96
8 56 46
28 98 97
12 3 80
6 14 95
5 31 36
9 15 83
11 38 6
26 20 15
11 75 11
2 6 84
24 16 11
23 57 43
4 7 19
1 42 29
15 30 19
1 36 71
13 41 53
1 8 55
28 41 71
21 85 22
30 65 86
12 26 60
25 25 39
5 91 13
16 71 51
6 76 20
20 25 4
2 60 26
23 50 16
16 28 39
5 11 79
27 61 58
30 88 36
16 87 85
20 17 2
29 26 100
22 83 9
19 59 79
21 81 22
4 62 78
6 21 16
19 46 38
16 43 50
25 67 92
3 79 57
22 49 10
19 42 49
5 59 84
4 44 39
27 13 79
10 38 44
2 11 76
5 21 18
23 53 69
2 50 91
11 55 11
27 97 4
4 64 26
20 38 84
26 9 51
11 64 64
22 36 4
20 47 100
17 67 76
5 57 16
3 61 90
13 13 25
27 27 20
27 7 89
15 21 25
16 74 61
3 49 23
11 66 23
22 46 54
29 52 42
13 72 14
3 43 50
12 24 24
26 28 21
20 72 74
7 15 62
7 67 99
6 12 80
22 63 90
10 5 86
5 81 8
24 25 59
11 38 96
26 67 10
10 90 67
14 34 69
19 81 95
4 63 6
5 11 87
22 76 20
1 83 64
15 50 70
1 86 5
27 72 78
1 54 1
23 14 81
2 37 16
17 16 75
13 68 61
16 71 1
11 45 43
25 20 38
14 13 78
27 81 28
23 98 40
6 78 13
25 18 23
22 45 98
8 68 36
7 78 99
20 79 85
20 83 66
1 84 57
1 71 84
12 40 42
17 80 6
21 90 82
8 61 91
8 43 12
12 35 2
15 64 26
4 85 50
5 26 100
12 94 9
20 89 89
15 55 42
19 8 71
16 91 84
3 42 3
23 22 2
5 6 48
12 2 62
25 2 22
30 18 93
21 37 7
5 74 96
21 34 64
3 40 8
10 100 5
22 49 87
19 17 36
7 25 80
9 88 21
9 61 22
10 65 57
24 51 88
10 84 43
23 91 25
20 14 93
5 77 3
10 38 5
25 50 82
10 38 26
13 58 35
25 88 97
7 72 78
3 14 82
27 65 50
17 37 71
30 5 23
2 70 36
14 6 98
25 51 12
12 90 50
10 94 41
12 80 81
29 48 22
12 27 75
14 100 61
20 16 75
30 26 38
15 70 28
19 22 82
5 30 68
27 20 14
8 61 9
17 67 51
17 83 37
14 64 72
11 49 35
6 46 2
17 31 81
29 22 10
16 47 90
1 95 78
3 22 76
19 56 12
27 19 20
19 92 22
27 55 99
12 90 4
3 27 77
8 49 84
