800 800 80
14 55 16
7 77 40
19 31 71
3 73 60
18 35 37
26 7 19
14 45 41
27 19 68
12 21 26
3 35 79
6 81 45
6 92 58
17 47 56
24 3 25
26 66 26
15 76 25
28 95 3
29 25 19
18 43 37
7 70 10
6 18 54
20 26 21
8 20 20
22 87 63
24 18 61
17 20 56
22 5 34
11 30 6
17 69 55
10 58 35
9 66 74
22 13 18
10 68 34
16 78 21
14 82 20
8 46 73
7 29 43
2 83 8
4 60 14
16 2 80
30 49 29
19 63 80
19 21 22
28 62 57
4 52 35
23 62 51
7 73 25
21 52 76
15 60 13
15 30 47
28 58 78
25 30 71
10 10 2
13 59 42
24 35 66
20 1 31
20 49 71
16 71 14
2 88 28
8 77 1
9 65 16
11 36 6
6 13 38
16 31 76
9 13 36
9 60 11
13 45 18
2 95 63
9 10 79
25 21 29
12 8 10
14 4 72
4 73 18
30 19 17
19 49 28
8 66 10
8 28 64
13 33 44
10 42 45
3 25 54
23 72 7
22 83 66
2 72 51
19 74 12
26 72 50
21 66 71
8 85 27
14 89 61
7 14 20
2 23 1
23 11 80
2 19 58
8 98 37
6 53 60
1 74 53
13 28 27
10 100 1
23 94 70
28 5 23
3 15 48
24 94 62
18 44 51
10 74 15
16 12 9
28 29 7
1 43 58
18 43 16
12 50 15
16 15 10
6 35 48
2 15 30
4 73 26
16 73 78
21 18 32
17 1 26
8 56 52
21 56 13
11 81 6
6 39 65
22 44 53
26 21 29
27 87 28
16 75 41
13 7 34
27 13 37
23 32 78
28 52 36
17 18 74
20 91 20
17 68 50
19 38 25
19 30 61
9 18 28
29 52 48
2 89 55
4 20 27
24 49 75
16 83 52
20 57 42
20 16 61
19 32 18
7 78 52
20 37 17
10 76 10
4 18 12
23 29 7
21 27 8
29 61 43
11 81 60
10 85 49
13 27 3
23 15 74
10 62 5
7 77 79
25 23 58
20 6 38
25 67 28
8 30 23
20 9 69
14 77 7
2 77 56
19 2 43
14 70 31
1 73 80
16 62 35
27 5 61
12 97 68
16 76 29
15 83 54
17 54 48
16 7 38
15 27 19
19 46 52
7 13 28
15 87 24
12 60 47
4 65 44
15 31 40
13 82 40
8 52 4
30 16 50
27 74 19
28 72 63
14 36 44
17 2 11
1 3 65
21 79 12
17 77 11
7 2 6
4 51 35
2 20 54
11 27 75
10 50 14
12 84 25
14 25 64
22 20 30
16 54 77
25 41 57
13 70 70
9 22 17
8 7 2
5 11 28
2 68 71
15 20 26
5 47 80
30 67 53
8 64 45
8 58 43
21 81 44
30 40 53
6 13 8
5 58 61
3 73 23
5 82 30
21 18 3
18 16 21
20 10 38
27 38 33
5 62 33
14 72 21
13 73 38
1 17 39
6 26 35
12 32 55
10 57 18
1 12 55
20 9 61
12 12 47
8 73 10
25 16 9
19 13 3
1 48 74
5 93 7
20 93 51
10 62 30
27 24 80
11 31 64
26 82 20
22 30 38
16 76 17
26 42 18
12 32 43
11 2 48
26 58 28
8 48 7
13 26 10
28 82 43
10 93 10
11 7 61
18 44 25
2 45 55
11 73 37
22 65 8
25 9 15
3 54 15
28 64 25
2 28 28
8 14 31
8 14 44
30 91 73
6 77 11
18 43 25
30 8 21
11 94 74
26 45 69
4 14 6
29 11 24
25 7 49
3 73 62
17 56 36
7 63 39
21 93 60
6 11 24
26 16 15
19 45 11
4 22 38
22 34 6
17 10 70
25 80 65
13 74 1
18 41 77
11 4 73
21 90 34
1 89 69
24 45 57
3 83 21
20 39 67
30 36 19
28 76 27
20 41 61
22 1 18
1 10 33
17 60 42
3 13 37
9 11 34
19 25 70
2 9 47
27 20 50
23 4 37
23 37 80
15 70 21
2 1 14
25 32 65
27 64 29
25 81 49
3 91 7
4 50 67
16 1 55
22 36 27
1 46 37
3 60 66
22 8 11
11 23 51
13 78 50
26 56 64
2 36 65
19 38 42
28 66 50
29 39 62
5 69 44
2 14 74
23 21 15
5 95 80
7 4 33
11 35 10
21 59 43
8 39 54
6 95 22
11 30 4
14 52 55
4 22 29
9 82 27
5 49 46
1 19 71
29 35 43
15 31 28
5 35 6
3 82 62
2 32 22
18 53 62
14 13 72
14 53 32
26 70 75
1 44 26
12 23 7
13 76 33
24 49 73
8 92 66
11 59 13
27 82 35
9 6 25
4 75 32
18 3 78
17 21 18
12 92 27
1 35 14
9 70 23
15 61 17
12 74 32
11 38 52
15 46 34
7 16 78
3 25 57
2 84 29
4 22 79
4 93 5
4 7 61
1 98 12
1 56 65
29 2 4
2 85 43
8 85 43
9 78 73
15 70 52
16 19 46
18 58 9
19 92 35
7 60 46
22 47 54
22 78 69
11 21 64
25 16 49
16 80 44
8 12 54
24 13 44
28 87 50
1 85 3
15 22 54
5 100 76
19 80 28
22 2 69
27 29 65
10 60 57
26 77 74
2 49 17
15 35 20
2 63 41
11 51 25
19 75 24
4 17 36
1 72 68
14 60 15
11 79 59
25 43 58
5 13 64
5 5 51
2 72 51
7 72 7
18 84 47
3 59 42
19 81 43
19 70 29
12 54 27
19 48 55
10 10 32
8 76 58
14 51 38
30 1 13
8 37 57
10 37 13
2 9 62
16 59 50
25 90 74
16 31 71
29 31 24
11 6 61
2 80 38
25 64 45
29 49 66
6 48 34
21 98 68
29 8 80
4 70 54
27 28 33
23 22 40
11 28 79
17 30 19
7 39 73
14 57 46
28 64 45
28 39 79
11 71 61
13 8 22
12 60 32
19 98 48
5 97 60
9 83 52
7 6 67
21 43 5
24 14 50
13 38 65
18 82 52
1 24 68
26 23 63
16 47 36
17 1 72
15 42 25
12 49 57
12 20 1
30 7 16
12 23 23
17 19 74
21 14 54
24 27 10
12 70 70
28 95 51
17 29 71
18 38 34
22 87 42
13 69 74
14 91 43
7 46 42
17 6 73
10 93 41
5 78 63
1 71 65
25 5 66
19 84 12
14 86 78
20 16 53
23 19 37
24 9 41
18 29 29
11 60 34
15 31 13
28 92 8
19 93 78
22 30 69
13 80 11
7 63 38
27 76 80
16 63 4
30 59 23
30 3 51
19 77 1
30 14 37
16 90 29
25 5 20
20 100 14
20 70 6
21 71 23
13 24 79
27 49 50
1 14 22
29 29 52
6 60 76
9 51 44
4 55 25
30 57 58
11 97 24
9 62 27
10 79 1
25 38 4
5 64 3
7 13 58
6 62 55
30 41 77
3 81 4
26 30 44
4 44 78
11 21 25
28 48 5
8 21 44
30 18 41
23 71 62
24 28 7
22 83 68
11 79 31
12 54 2
12 34 45
10 14 48
19 99 66
14 82 62
19 33 70
18 29 25
20 74 12
20 11 62
5 28 12
1 19 53
16 97 20
28 17 23
10 54 32
8 74 43
28 73 74
15 83 42
16 49 27
2 100 58
28 76 61
30 13 3
3 42 1
3 79 69
27 33 31
7 95 75
18 56 37
22 44 40
8 16 62
25 18 40
20 57 55
8 60 16
29 48 56
7 58 53
6 55 30
14 5 28
24 31 28
30 71 56
20 27 4
29 6 14
29 70 71
1 29 38
27 53 57
1 70 46
14 9 15
7 82 76
11 43 48
9 67 13
21 56 78
24 34 60
30 57 24
26 9 21
28 6 27
4 26 43
27 14 67
7 93 8
7 98 3
14 36 61
7 74 54
10 72 45
2 83 18
23 81 36
22 44 64
27 80 48
7 8 35
13 22 69
30 24 41
13 82 12
12 37 72
18 50 30
5 43 57
3 79 42
20 95 67
20 25 55
9 20 8
6 17 45
27 60 14
5 87 24
10 77 34
19 35 22
12 22 62
6 27 72
6 93 16
6 68 20
20 94 61
14 63 50
22 11 79
19 67 72
23 10 3
15 64 28
20 46 53
4 47 66
12 88 74
5 71 3
2 61 59
14 37 15
20 31 37
27 6 21
17 90 68
12 69 35
27 87 32
14 89 18
27 42 22
18 89 55
28 52 3
16 99 64
29 62 15
12 63 71
7 28 21
1 26 41
21 60 36
10 23 28
6 76 53
29 83 9
17 6 15
30 68 7
16 59 66
23 5 35
29 85 68
20 23 47
4 11 3
25 91 59
2 65 47
15 46 18
7 82 32
11 43 59
24 9 46
16 50 74
17 59 43
12 25 61
25 38 56
26 59 3
14 12 4
18 42 4
21 53 1
1 31 56
26 42 66
9 78 29
13 2 77
30 76 4
13 60 70
20 76 23
5 74 52
14 56 48
13 35 31
7 81 70
1 47 68
8 74 40
11 32 12
21 67 28
10 13 36
23 32 3
18 84 41
22 28 20
19 23 43
2 98 14
27 63 3
8 86 70
9 69 28
14 18 38
2 27 3
19 83 27
8 29 67
12 71 17
1 39 6
22 4 70
19 83 37
19 2 41
10 42 39
6 73 1
27 57 65
2 40 45
4 95 30
18 55 7
20 49 59
3 89 66
29 10 68
19 84 61
2 86 79
5 11 37
29 83 73
1 78 25
7 31 36
4 49 36
6 5 18
18 67 63
23 34 1
19 5 73
18 1 39
14 48 75
14 91 78
17 89 19
2 36 21
10 66 71
28 75 5
13 64 49
14 72 37
24 89 44
13 35 55
11 96 60
20 86 6
5 59 19
6 37 39
25 56 51
11 59 51
24 54 67
25 26 60
11 92 79
29 95 46
12 42 26
17 15 78
26 99 26
28 34 26
19 18 75
1 14 13
17 80 3
2 88 55
22 58 4
21 45 17
21 57 41
17 43 32
9 7 65
13 52 68
13 81 78
1 93 52
18 100 57
25 17 43
23 48 24
13 30 69
3 7 18
17 53 55
10 82 55
9 61 27
10 92 77
25 80 39
14 66 51
30 9 43
15 36 61
22 96 70
8 42 37
5 62 6
25 60 35
29 87 80
4 93 50
1 94 31
27 47 53
13 85 17
29 91 19
24 35 46
3 10 33
6 69 56
7 88 62
24 98 41
7 50 47
27 55 72
25 84 16
4 65 64
19 3 63
10 72 18
18 58 10
7 99 50
11 92 63
30 99 17
9 58 75
19 31 39
4 19 2
6 8 54
25 3 22
6 75 65
11 73 16
14 19 79
26 77 79
20 93 40
