1000 1000 100
3 37 18
7 95 61
8 29 19
20 88 93
11 58 15
22 2 26
4 31 91
29 80 56
6 96 77
19 14 77
13 97 55
13 62 87
5 16 12
11 41 51
4 47 58
1 46 13
13 76 32
15 11 70
1 71 63
12 51 13
13 76 99
14 71 78
12 32 30
20 64 88
25 38 64
15 5 77
29 83 80
30 27 70
8 39 90
22 92 34
14 63 33
28 5 96
21 77 80
22 27 87
11 72 93
2 39 41
27 31 17
2 43 92
17 69 8
4 96 75
28 48 67
2 41 80
30 34 70
10 79 67
12 52 62
17 34 27
7 100 69
7 91 38
15 77 59
19 58 21
1 54 16
22 34 7
2 72 5
25 74 17
13 88 45
14 15 83
12 11 41
8 28 44
25 59 73
19 99 22
29 31 41
24 50 29
1 92 52
15 91 34
27 41 59
21 73 44
18 24 3
9 90 91
2 71 45
6 46 75
19 86 56
7 89 36
29 17 67
1 42 47
10 13 11
11 20 56
6 98 9
30 10 67
12 67 87
18 94 59
28 95 25
10 66 41
28 76 9
12 56 35
5 75 31
15 58 3
19 94 5
14 52 35
13 42 91
12 39 37
19 83 95
5 50 28
13 65 54
21 96 47
27 18 26
23 11 57
22 4 59
11 15 47
10 86 88
7 91 85
14 80 80
10 53 25
15 37 100
27 44 48
10 26 95
10 60 1
19 52 22
14 29 20
25 34 76
5 28 9
22 88 82
8 79 57
21 4 75
27 76 66
25 86 5
3 20 19
20 10 69
20 56 54
21 25 41
6 75 94
29 68 78
21 48 58
29 15 25
6 56 33
10 15 68
7 14 53
19 95 68
18 52 13
8 59 68
8 1 52
24 81 3
13 5 53
15 7 69
20 16 49
11 94 32
8 74 11
6 99 27
3 27 7
5 88 41
17 82 11
16 87 92
29 63 68
30 18 61
24 91 80
5 82 46
18 45 88
19 92 15
28 32 34
12 16 95
30 42 99
23 27 16
17 4 23
3 2 41
24 46 55
27 13 15
19 11 69
18 14 29
14 1 26
28 91 99
10 32 78
4 40 49
27 58 16
6 16 64
25 43 60
5 10 76
5 96 6
23 31 5
24 67 37
29 68 76
11 14 17
9 55 10
10 9 26
4 64 62
25 23 59
9 67 34
16 81 43
18 43 78
5 92 22
18 63 72
1 98 71
10 75 5
19 21 64
28 8 78
5 34 23
18 64 18
17 97 100
16 46 78
18 85 79
4 11 47
4 70 13
24 1 48
16 27 5
23 35 50
8 62 6
11 71 11
10 29 58
11 75 32
18 34 50
12 34 81
20 35 44
2 98 72
9 64 54
14 66 63
24 1 79
16 64 89
4 14 56
8 79 50
21 80 38
25 89 40
24 80 18
27 25 98
19 40 26
24 55 100
25 1 20
7 97 80
27 2 7
10 50 78
23 55 59
5 21 1
25 69 3
28 61 52
28 91 9
2 77 61
26 25 34
12 88 46
20 80 56
4 18 13
7 52 57
22 51 34
10 31 99
7 85 58
9 2 72
23 16 20
29 26 23
7 96 64
22 31 89
5 96 61
14 60 26
13 95 76
30 56 66
15 48 3
16 70 12
18 55 59
25 27 88
10 46 27
15 8 51
9 59 49
4 78 37
5 84 95
12 99 48
27 64 51
10 35 48
27 31 74
21 67 30
7 49 49
14 26 71
25 40 25
17 49 91
15 85 43
15 14 89
2 87 17
21 46 82
6 30 68
6 85 5
8 34 37
19 2 58
11 7 18
9 60 66
9 73 46
29 5 95
21 85 4
14 59 1
22 58 90
1 39 13
12 28 97
28 88 78
17 73 62
14 15 6
26 56 80
10 26 34
4 8 45
13 89 36
8 44 8
24 56 47
4 7 59
13 20 57
17 92 44
2 59 36
13 54 30
30 74 80
22 34 53
17 59 23
27 19 97
9 1 51
14 55 54
11 91 94
9 85 42
20 71 5
3 62 10
6 10 100
16 33 21
27 100 18
26 67 95
4 100 15
17 19 66
2 38 40
12 50 64
5 37 68
29 13 59
8 9 85
11 6 28
19 98 21
17 55 50
14 32 44
25 14 28
30 99 78
13 25 81
26 21 95
24 97 100
7 72 4
30 29 99
23 42 30
8 58 78
22 18 94
15 63 30
13 87 3
2 26 33
9 26 12
28 32 63
22 24 57
29 8 86
1 86 17
27 6 66
8 32 80
8 70 63
20 97 80
28 73 99
10 42 57
24 21 31
7 25 31
23 71 47
15 23 50
20 54 88
9 5 58
14 3 3
3 14 64
30 83 65
19 46 40
10 6 43
15 70 40
24 7 82
25 70 13
28 74 84
8 61 17
3 67 77
25 40 42
18 11 7
14 55 35
28 30 57
29 27 61
17 71 54
11 38 29
20 44 10
8 51 59
20 59 49
10 21 48
23 1 54
27 90 100
27 66 69
27 31 77
19 76 18
19 24 19
17 10 44
12 79 80
25 58 45
9 47 64
25 64 32
23 2 54
1 41 1
11 93 41
25 83 77
6 98 97
16 15 19
23 92 84
25 65 89
19 100 63
19 100 94
28 21 34
9 44 48
25 91 80
18 72 55
9 80 58
26 50 7
17 26 83
26 91 85
4 14 41
20 10 55
28 60 91
26 35 75
8 15 14
4 61 95
7 54 14
30 87 81
13 74 58
10 32 33
18 58 93
26 82 13
20 9 75
19 45 75
9 52 87
11 14 27
26 100 36
18 50 40
25 16 84
12 85 48
22 5 73
1 14 81
28 22 54
20 81 24
10 85 73
9 54 95
22 83 90
23 69 85
21 18 19
9 86 11
22 90 43
9 51 89
26 81 29
5 16 22
7 48 61
26 30 63
8 59 8
3 20 42
8 11 31
5 65 82
4 29 63
24 87 57
5 20 57
2 16 13
4 13 49
13 63 40
10 41 54
2 84 16
20 7 66
21 21 91
9 13 60
11 29 60
25 32 30
23 64 73
10 59 52
16 34 90
27 18 25
23 81 18
17 68 19
8 27 67
5 72 26
27 69 18
1 88 42
12 86 31
25 93 65
23 87 54
10 53 91
26 85 62
2 36 59
26 17 53
17 48 81
25 15 47
21 56 66
3 88 6
29 6 95
27 80 1
3 99 15
3 75 93
14 94 59
11 36 39
9 30 16
23 58 67
3 32 20
10 14 9
24 54 54
14 30 87
7 89 66
9 59 22
23 54 59
27 97 64
19 31 88
25 84 55
4 16 2
25 68 84
5 65 77
23 63 2
1 27 19
23 69 81
18 41 74
22 36 8
10 60 49
5 64 69
18 86 52
4 70 50
26 36 95
3 30 1
8 37 51
28 85 48
10 59 14
15 17 81
19 50 57
26 22 88
23 6 86
27 88 10
26 9 72
26 34 74
13 58 92
17 71 16
29 45 20
7 79 59
5 24 48
4 9 1
1 12 34
14 37 79
13 23 60
23 7 16
26 83 69
23 98 1
24 22 15
7 52 1
24 77 80
10 4 27
8 8 39
16 62 86
25 73 81
5 43 98
12 66 42
24 20 94
7 72 14
15 29 39
11 14 50
25 99 64
26 57 50
29 45 41
19 16 42
12 62 90
10 5 2
6 95 26
25 18 99
11 35 66
30 70 29
28 100 51
30 81 70
26 32 23
19 1 51
2 91 1
3 6 59
15 15 83
13 57 25
9 99 43
19 77 54
8 76 69
14 2 46
28 63 88
13 36 22
2 59 37
9 95 77
7 67 69
13 85 65
9 76 2
4 20 21
22 69 50
19 18 19
4 90 99
3 99 21
20 75 7
27 100 57
6 12 56
12 46 85
8 2 43
27 82 84
16 27 3
15 42 36
2 64 86
22 82 46
6 17 15
20 72 40
15 50 18
10 27 12
6 25 4
11 31 42
22 12 48
6 72 7
5 75 70
26 32 76
23 3 34
16 60 80
21 62 76
11 78 79
25 97 2
4 58 72
15 84 29
25 80 95
2 28 7
18 54 35
1 81 70
11 43 19
17 24 86
14 11 64
13 11 17
11 58 63
2 50 18
21 12 7
29 35 1
1 33 97
9 58 67
5 25 7
22 17 19
3 39 10
29 94 87
13 37 47
22 34 60
8 87 4
4 91 73
28 36 37
5 32 75
12 72 60
4 19 41
17 81 74
4 5 37
2 7 8
23 76 88
1 27 35
1 34 82
17 11 27
1 6 57
22 75 51
11 55 6
6 49 23
16 85 49
20 90 81
9 9 87
2 13 90
11 85 67
7 43 27
9 1 19
5 48 10
15 67 31
8 51 18
14 67 19
19 53 31
11 59 87
17 98 45
19 38 54
28 92 49
13 94 14
27 72 14
15 77 75
6 43 88
12 99 1
3 36 65
4 67 93
1 88 34
11 68 58
2 90 57
8 32 51
9 7 16
28 99 3
13 20 90
17 75 95
30 90 5
20 17 36
17 8 97
28 85 10
14 85 90
2 85 30
22 60 25
7 25 88
2 65 13
30 15 14
5 7 30
22 13 4
26 61 43
17 53 9
25 27 15
4 38 42
17 25 89
3 11 4
6 67 72
14 58 98
28 58 90
27 30 27
22 27 60
17 67 80
14 60 78
12 64 91
22 57 17
25 69 57
10 68 38
24 58 26
2 86 19
15 27 3
9 80 56
14 21 27
24 78 89
26 29 30
26 12 71
6 64 33
11 27 16
20 44 40
30 21 38
11 12 24
3 60 34
15 78 84
15 32 26
3 40 8
12 3 7
9 65 57
3 90 53
26 9 19
12 95 50
12 93 10
14 16 64
18 84 69
10 8 27
19 49 44
21 53 83
11 88 82
1 33 38
11 69 94
3 90 73
1 75 50
9 70 65
15 90 69
10 87 17
17 24 77
20 38 16
9 80 66
26 63 60
15 99 16
27 14 71
27 11 52
2 92 78
10 31 66
3 100 4
28 84 92
29 36 73
15 91 84
23 18 43
19 83 26
11 30 34
8 63 82
22 67 89
18 83 4
13 44 4
3 25 27
16 69 85
22 36 42
16 96 55
3 86 65
30 51 69
4 12 5
25 13 3
27 48 66
4 40 47
10 97 55
26 89 4
16 1 16
6 48 97
23 97 56
21 37 44
19 2 31
5 6 89
10 12 33
11 24 21
14 14 62
19 60 89
26 99 74
7 78 22
13 16 53
3 98 94
20 78 92
5 78 9
11 39 44
28 100 11
20 96 47
2 13 60
1 96 15
6 47 76
2 59 77
5 30 58
21 100 55
1 47 48
2 10 73
4 83 78
8 24 61
25 38 56
2 2 84
16 64 21
27 17 7
19 16 48
10 94 54
17 48 81
22 32 18
4 3 72
26 44 70
1 47 40
17 47 3
11 34 1
11 65 99
15 85 82
22 54 73
11 87 49
18 88 74
29 96 73
3 13 17
19 44 41
25 54 66
24 87 13
7 77 80
6 48 69
10 45 50
12 40 73
12 67 47
9 77 10
7 1 21
5 66 41
14 50 87
5 46 78
11 54 33
9 87 63
9 66 5
22 52 89
27 56 75
20 72 89
15 73 30
20 68 88
30 25 62
15 66 74
7 99 48
12 28 20
30 32 17
12 69 95
23 44 75
18 77 35
23 24 33
25 60 79
19 84 30
7 51 88
17 94 13
28 75 89
6 66 7
17 41 91
26 69 84
2 32 52
22 23 30
16 36 10
23 91 76
7 16 61
21 24 84
16 35 30
19 24 98
24 31 84
10 84 47
6 38 32
15 78 66
15 65 81
27 34 53
28 26 27
23 19 12
25 9 91
20 7 29
24 87 57
23 36 83
26 82 98
17 52 1
30 10 73
15 89 80
10 32 67
3 6 67
20 21 18
26 60 86
27 40 35
17 55 85
8 94 15
27 73 99
22 38 35
12 3 70
14 7 45
10 72 24
14 57 36
14 4 7
10 38 87
20 7 54
14 21 89
21 62 65
3 32 95
4 59 6
26 96 90
4 37 73
17 1 66
1 55 11
12 96 36
1 81 96
19 40 15
27 10 69
17 98 47
24 90 71
23 46 1
2 55 79
7 24 23
2 20 5
10 83 20
5 29 63
18 9 11
30 10 23
18 9 74
12 99 61
12 15 21
27 69 34
14 77 89
29 2 23
10 42 79
11 1 96
12 30 19
4 2 7
12 16 24
28 62 8
28 65 24
24 47 9
2 55 82
27 30 33
3 89 9
9 35 63
15 79 96
10 93 85
20 84 4
4 65 42
30 63 57
14 38 90
14 67 56
7 64 92
28 77 19
23 95 51
24 26 96
7 9 91
24 79 10
7 35 25
16 29 15
28 30 23
6 65 16
29 6 61
12 37 69
14 32 46
22 83 89
1 35 70
14 62 49
26 7 56
7 45 63
16 76 9
18 54 63
29 40 19
17 34 35
20 38 82
1 23 28
2 73 14
27 32 15
28 20 67
24 36 96
17 15 50
10 100 54
14 91 6
4 30 58
13 7 9
6 58 68
21 16 23
17 56 64
3 24 62
25 24 58
27 11 73
13 73 39
25 16 87
18 92 40
10 78 25
1 4 10
11 83 2
3 13 12
22 24 28
22 25 50
17 83 82
5 49 38
9 40 84
7 5 22
14 95 14
11 53 3
29 8 6
27 45 33
30 90 48
16 46 55
18 85 33
10 27 2
1 51 39
15 51 89
16 24 78
30 44 11
