100 50
0 15
0 7
0 14
2 6
2 18
1 19
6 17
5 8
3 1
3 13
3 2
9 19
1 16
8 14
4 8
2 18
13 20
12 20
2 18
3 12
2 9
16 8
2 6
16 8
0 11
17 13
14 15
2 3
7 6
11 17
5 6
13 11
6 9
23 3
30 20
9 18
34 14
10 5
32 14
19 15
5 4
2 17
27 15
16 19
5 12
13 9
31 18
39 17
8 12
28 8
15 7
38 17
20 15
8 5
48 7
17 9
13 19
40 2
43 12
31 20
10 6
53 4
59 10
57 14
15 14
53 1
44 5
28 1
36 17
53 17
39 4
20 14
61 14
43 5
3 15
16 1
31 9
7 6
65 1
73 4
15 3
16 19
49 1
6 12
36 8
71 20
2 18
64 15
81 20
3 10
43 12
75 20
51 1
5 9
17 18
55 2
28 8
51 1
3 7
78 17
