200 100
0 2
1 6
0 13
1 9
4 19
5 1
2 5
5 3
4 4
6 20
4 11
1 16
5 10
3 9
5 13
9 4
11 14
8 19
15 15
5 8
7 9
14 3
8 10
9 20
20 15
8 5
20 11
13 12
4 1
19 1
21 11
25 13
10 8
30 2
24 17
14 16
15 2
15 16
6 11
19 15
13 8
27 15
41 20
25 18
33 2
24 16
10 17
16 6
13 17
18 2
33 20
25 8
14 17
49 3
52 18
23 14
52 4
17 5
53 5
58 10
39 19
37 15
13 7
8 9
14 18
27 10
36 17
56 4
58 15
12 5
5 19
36 15
23 4
29 9
21 1
71 10
35 18
23 17
59 2
57 8
63 5
51 13
51 20
49 16
52 4
81 2
71 2
32 5
73 7
67 6
18 8
36 5
32 14
5 13
3 5
43 18
94 20
61 17
55 6
89 15
14 1
98 11
89 18
72 6
82 13
30 9
14 7
94 12
39 20
109 18
91 15
97 8
25 3
100 16
59 11
61 6
111 13
4 8
26 7
24 17
8 11
13 1
116 2
1 1
33 12
71 4
62 20
0 20
52 12
62 17
39 10
1 6
63 16
63 14
94 11
20 9
115 10
6 2
135 8
81 10
112 16
38 16
87 3
110 4
127 5
95 3
141 2
118 9
34 17
28 13
88 8
4 4
8 8
146 15
75 13
5 7
65 15
145 17
116 20
150 18
10 13
91 19
150 10
136 12
116 16
8 9
166 13
63 18
82 19
65 2
11 4
30 6
119 5
34 4
103 15
102 11
150 10
5 6
112 3
177 15
25 17
113 11
0 19
28 14
28 4
176 1
135 1
109 8
96 12
19 19
125 3
115 4
159 8
103 1
62 3
13 15
175 8
77 5
168 3
88 5
