300 150
0 18
1 5
0 1
3 9
3 7
3 5
4 19
7 3
6 1
7 14
6 2
4 5
12 12
4 8
12 18
11 9
2 13
15 19
12 9
11 15
9 11
9 6
11 4
11 16
22 8
18 19
4 10
19 13
3 17
21 9
6 10
27 3
2 10
14 4
13 18
23 13
9 8
8 10
8 7
12 6
31 20
21 19
34 15
43 11
0 4
3 5
5 8
47 20
17 13
43 16
3 1
10 15
11 8
47 20
46 14
29 3
2 2
6 9
13 13
12 15
36 20
49 2
5 5
30 12
0 8
15 11
60 13
24 12
44 18
41 20
21 5
61 11
9 1
39 10
25 9
38 16
17 16
26 13
67 19
57 10
65 16
39 3
76 9
41 16
52 1
20 3
49 1
53 17
67 13
54 8
31 3
90 9
45 19
13 1
62 11
60 9
2 14
45 3
70 1
28 1
7 12
5 4
55 1
87 16
40 13
70 10
15 14
4 18
72 19
46 9
105 12
48 18
84 15
22 15
85 5
49 14
12 15
15 2
91 11
45 1
23 4
40 20
10 11
113 10
47 14
92 16
100 5
54 1
45 20
112 15
88 14
13 14
23 1
59 20
124 10
66 10
22 9
59 16
24 13
135 20
32 10
112 13
101 1
49 10
45 15
8 5
117 12
100 9
123 1
66 13
80 19
127 7
89 17
63 4
72 9
18 7
3 12
105 7
133 15
52 18
26 15
29 4
148 12
19 20
82 9
110 7
83 13
150 4
46 16
13 11
31 19
114 9
55 6
49 5
79 12
24 17
88 16
88 19
52 14
58 14
160 7
70 14
5 8
54 10
101 10
48 20
131 18
184 11
113 2
127 4
44 3
66 3
145 8
17 13
118 8
58 11
154 12
30 11
14 14
62 20
19 9
192 6
157 4
91 9
21 15
67 10
7 8
181 12
74 11
197 2
169 12
30 9
144 4
202 20
115 14
152 13
101 10
77 6
13 18
164 8
43 6
142 12
211 5
187 13
112 10
124 18
120 5
202 20
66 8
70 14
35 16
86 10
125 15
157 15
101 7
153 18
57 16
203 2
34 20
17 13
23 8
9 12
6 5
68 12
203 10
99 4
132 12
12 9
1 8
38 8
81 6
112 1
150 11
46 15
149 3
230 13
38 2
91 5
72 8
0 15
235 3
29 11
117 11
27 3
40 14
30 14
173 6
6 13
213 3
8 4
1 11
143 12
155 20
164 10
180 13
182 1
27 16
211 12
240 6
181 10
212 8
221 16
25 14
276 7
11 18
98 4
26 12
12 17
60 8
0 16
104 11
41 12
104 15
149 2
243 2
34 19
52 12
159 1
80 13
237 18
