300 300
0 20
0 18
1 16
1 13
4 2
2 14
0 10
1 4
4 18
4 20
0 1
2 4
8 18
6 7
10 12
5 2
3 18
12 3
3 13
8 14
0 12
14 3
22 3
9 5
0 8
12 5
10 16
23 12
4 6
5 20
18 1
17 6
5 18
6 4
31 11
26 11
18 1
7 6
28 15
16 4
24 8
40 20
2 15
43 6
25 16
41 5
6 12
46 16
27 17
43 10
39 14
32 16
10 9
42 9
42 5
28 17
0 2
17 15
10 4
3 11
56 15
23 3
43 5
63 6
13 3
12 11
50 12
11 3
39 5
39 11
66 4
9 18
1 3
1 3
16 8
12 20
21 15
34 14
72 7
68 1
43 3
81 11
28 8
63 11
72 11
28 1
64 10
31 15
63 7
46 18
86 18
28 3
54 2
75 14
56 12
63 20
50 10
18 14
75 8
23 15
64 16
0 17
82 3
78 3
34 16
58 10
64 1
41 6
91 8
105 19
39 17
6 16
96 12
63 17
87 8
64 10
40 7
117 18
56 16
56 10
8 2
31 7
79 16
39 14
90 2
33 7
21 11
93 10
63 13
70 17
3 16
43 9
57 20
116 10
42 15
51 1
66 7
75 14
65 6
65 6
71 9
57 16
14 2
11 18
23 5
117 7
42 9
54 7
40 20
69 12
80 4
21 3
115 12
44 3
80 14
151 2
44 17
15 9
4 9
36 18
137 10
12 5
128 13
30 18
154 4
102 13
56 12
7 5
6 14
110 4
100 12
23 4
130 3
111 17
151 18
163 5
84 4
105 4
41 14
177 15
47 18
153 12
51 18
121 10
165 9
123 16
4 20
25 3
181 19
187 10
165 6
94 1
133 2
138 18
111 20
126 18
30 16
169 8
13 10
91 6
79 14
130 11
61 15
190 19
32 10
159 14
19 18
9 11
101 1
180 13
102 18
97 12
60 9
181 15
134 20
114 15
3 9
29 2
85 14
210 6
69 5
10 6
25 16
4 2
153 4
0 1
26 19
89 9
18 14
7 14
181 2
193 8
91 15
178 11
60 9
142 18
171 15
141 13
170 7
194 14
237 9
61 7
73 11
232 19
221 17
232 7
46 12
91 2
49 7
231 13
53 7
105 19
197 11
6 15
13 7
105 12
207 14
178 14
128 11
9 2
172 19
45 7
126 15
158 4
22 13
235 14
151 1
230 7
81 12
221 17
17 4
168 3
70 19
19 8
194 2
23 7
113 14
102 6
148 12
156 3
66 20
212 9
210 4
145 15
253 12
5 13
174 4
32 5
199 15
236 15
261 9
238 3
17 15
106 6
217 12
212 18
46 9
136 9
120 5
23 8
