150 60
0 10
1 10
0 1
1 11
2 2
2 1
1 5
7 17
5 5
5 5
8 2
11 19
3 19
9 3
6 14
0 6
9 15
8 14
12 19
9 6
18 10
6 10
8 5
0 2
16 18
10 3
1 15
26 10
0 20
21 20
19 9
2 2
2 20
12 18
14 13
10 5
19 20
11 14
14 20
35 8
12 8
26 9
34 10
13 12
3 6
14 6
2 13
13 18
1 5
18 15
1 1
12 5
23 20
35 2
53 2
41 18
30 15
40 16
1 12
41 12
47 6
32 16
58 19
30 19
1 10
7 11
28 18
3 19
24 4
5 20
37 4
38 18
66 5
31 3
51 7
67 13
35 14
64 5
29 16
21 8
60 18
77 15
67 18
82 15
65 8
72 15
24 19
77 16
47 11
15 13
9 16
52 13
16 9
34 20
51 18
6 20
39 8
25 4
57 16
41 14
33 18
87 17
102 2
65 20
43 1
6 18
86 19
10 2
30 8
6 18
49 13
107 5
60 5
83 14
113 9
75 8
14 17
62 13
7 2
72 20
54 20
67 9
21 20
46 5
97 7
63 4
3 11
109 4
36 7
56 3
88 9
115 18
91 13
113 6
53 17
46 7
66 8
0 20
16 9
114 2
28 4
106 15
22 3
126 8
5 10
27 17
55 2
56 10
112 13
140 8
