300 200
0 1
0 19
2 11
2 14
1 5
4 18
4 15
3 8
1 15
6 14
3 12
1 7
4 10
4 8
6 15
10 10
3 17
11 20
11 3
6 16
0 1
5 16
15 5
10 14
18 19
12 7
5 2
9 1
26 3
21 6
24 4
24 16
28 12
32 4
16 20
11 8
26 14
9 12
37 20
1 18
7 15
34 20
24 5
27 10
0 11
35 6
3 15
41 12
46 15
37 20
7 20
8 1
4 16
2 20
53 17
25 9
24 17
9 17
38 3
31 11
15 17
47 19
13 13
44 18
49 6
13 16
48 10
28 3
17 20
19 17
55 4
6 5
56 19
48 8
17 19
14 2
35 10
23 8
43 2
47 1
40 18
36 12
81 9
81 6
62 1
38 19
41 15
39 4
27 19
51 11
82 11
53 6
83 9
16 9
91 8
60 18
86 18
72 9
6 8
7 1
69 12
57 8
14 10
94 18
5 17
43 12
106 3
91 1
11 3
38 7
85 10
46 19
108 6
86 15
36 10
66 18
35 13
17 5
115 4
24 6
55 10
7 13
25 11
113 19
114 19
11 3
68 3
24 6
64 20
57 8
108 3
22 8
62 1
127 14
66 16
52 9
121 12
55 16
51 10
98 19
46 1
57 16
14 20
120 15
91 5
139 10
74 2
133 16
64 20
76 1
60 13
111 12
123 9
36 15
132 4
153 15
18 2
29 3
101 15
133 13
0 8
26 5
144 16
141 10
12 12
149 20
53 7
158 17
116 15
30 2
71 11
158 7
169 6
56 6
159 19
16 8
127 16
11 2
7 5
171 3
96 5
81 6
13 12
10 20
160 20
146 7
178 15
139 14
159 18
85 19
8 7
88 18
4 8
137 2
15 1
59 3
29 17
12 2
67 18
121 11
177 18
116 15
171 6
113 4
119 15
186 2
97 6
19 10
34 9
164 12
170 3
3 2
72 2
38 11
118 5
28 18
103 14
24 9
30 20
144 16
164 12
52 18
100 7
129 11
75 10
129 9
160 20
146 17
216 11
211 10
75 18
123 1
141 2
184 14
27 16
63 11
217 8
35 12
193 13
45 14
135 19
73 10
129 2
105 4
114 2
64 16
115 11
68 6
71 18
221 16
75 12
178 4
160 11
213 4
119 7
105 19
5 3
114 11
79 4
147 15
124 3
178 2
86 12
2 3
214 7
197 3
160 20
245 1
223 17
206 18
179 5
157 15
21 13
23 11
207 8
213 10
273 9
270 10
124 12
182 16
103 5
36 20
248 2
63 2
110 17
14 6
238 8
142 15
274 13
86 12
165 13
61 9
265 8
23 8
202 6
45 6
57 2
37 11
23 2
210 4
