200 200 100
182 49 809
83 6 687
183 52 422
77 4 559
101 64 319
75 81 216
123 51 471
193 38 271
75 37 144
135 102 797
141 189 617
113 109 288
105 179 657
115 165 4
183 152 893
49 167 139
190 179 191
152 181 571
11 179 691
176 9 754
19 56 813
106 109 83
19 31 472
85 147 301
51 116 79
57 17 57
84 94 441
103 21 603
31 194 781
152 182 571
56 8 747
139 115 561
185 151 899
151 56 572
20 46 63
76 126 160
184 106 574
196 46 983
184 152 545
113 115 454
190 124 820
141 26 643
152 153 986
152 100 24
175 126 606
128 39 741
100 106 218
50 156 953
38 89 334
56 2 985
71 163 281
12 44 95
124 121 346
96 200 203
107 115 578
32 134 390
68 39 457
172 130 453
134 67 233
163 98 117
129 102 386
121 62 692
64 107 891
39 176 88
56 85 199
125 87 824
116 147 270
34 109 916
30 109 633
142 170 216
31 162 480
117 172 770
78 104 398
60 197 52
56 41 541
57 183 653
146 58 95
65 11 125
94 20 599
160 93 154
98 99 94
178 25 725
24 89 819
167 98 465
87 174 884
85 136 567
129 163 916
176 192 152
63 135 794
62 94 685
122 37 358
177 182 703
172 123 133
86 163 545
154 119 583
194 179 417
134 128 444
182 50 377
177 162 195
189 179 532
