200 200 100
42 35 570
154 54 756
142 49 756
96 54 316
82 111 791
98 93 84
164 178 592
156 187 5
48 62 250
126 184 859
63 170 430
157 194 58
74 16 601
156 103 434
121 24 88
61 15 469
32 53 771
143 87 544
51 120 735
187 17 830
139 154 903
36 63 628
121 136 825
125 81 291
196 57 195
170 154 448
164 70 829
117 107 789
69 105 457
51 89 585
158 108 245
171 102 803
189 18 193
153 10 787
125 185 386
57 131 453
69 64 171
64 79 287
128 46 941
64 81 791
191 33 95
85 125 498
176 187 41
26 51 946
169 19 189
187 32 877
141 68 755
86 17 19
27 49 201
181 46 921
126 148 873
145 90 221
198 142 906
60 100 574
115 134 778
158 111 891
115 148 725
109 95 832
99 12 288
163 32 931
91 182 890
13 188 642
4 56 483
186 160 111
47 194 548
144 2 390
28 156 210
5 186 300
32 6 237
166 42 581
28 70 851
169 16 361
88 39 891
43 82 210
6 53 65
88 72 263
63 158 217
106 46 410
65 62 472
155 118 262
182 68 676
58 178 559
171 82 885
111 155 409
82 63 833
143 157 293
53 166 592
115 25 665
135 125 463
29 101 207
176 18 7
59 92 20
10 100 795
26 21 18
144 65 369
18 36 399
1 35 479
100 147 296
162 163 473
93 138 783
