200 200 100
194 68 113
50 68 921
19 68 804
92 41 970
59 81 321
108 28 275
25 70 492
78 128 459
43 34 353
31 57 823
117 117 515
45 55 266
53 43 469
115 69 884
48 199 858
161 82 526
10 81 153
147 143 895
180 193 904
150 154 30
65 75 290
87 180 973
199 98 198
3 57 850
150 172 107
110 154 394
117 117 885
135 200 965
14 158 293
36 97 617
19 109 710
197 96 528
41 109 815
149 5 488
39 65 158
174 131 433
99 103 536
15 85 626
31 101 611
176 30 730
157 95 207
47 62 575
64 107 81
143 92 502
125 191 338
153 72 605
86 175 320
161 92 909
87 151 969
27 72 250
8 3 42
176 158 245
140 27 542
96 147 473
183 139 725
199 180 924
103 109 32
154 157 636
34 115 435
93 11 29
128 116 806
51 139 95
95 71 889
153 2 972
152 71 247
162 193 560
184 42 128
25 155 454
32 108 150
120 61 499
157 24 351
24 15 783
35 189 110
45 184 926
99 7 283
54 178 772
92 191 123
141 184 668
81 72 651
29 167 584
200 108 789
191 64 95
55 159 748
5 115 161
10 138 316
75 124 273
132 128 332
72 119 656
158 148 506
174 82 4
162 172 580
37 118 769
37 9 658
174 170 50
83 21 187
20 159 862
26 197 95
80 57 573
29 42 55
114 123 289
