150 120 80
81 8 49
76 38 449
117 95 499
135 76 782
73 6 125
55 115 452
91 24 535
6 84 712
41 68 880
41 39 764
66 44 293
98 78 736
1 17 393
117 105 104
76 83 719
97 62 231
140 105 464
6 112 365
134 27 118
12 100 596
76 52 593
60 16 498
89 80 519
47 92 333
29 97 481
48 109 415
131 62 236
84 29 246
111 20 537
128 34 972
25 8 79
17 71 573
7 2 632
41 45 500
20 10 746
37 86 80
108 2 202
121 46 874
130 86 379
79 69 996
23 58 780
60 11 301
35 80 514
81 91 642
85 72 308
57 83 966
60 105 648
35 59 72
16 4 514
86 19 639
126 32 810
106 100 682
136 104 314
107 76 681
69 67 976
54 8 706
150 11 659
140 40 486
129 50 276
148 23 327
107 67 170
116 2 995
48 10 523
146 71 227
57 80 590
100 3 88
128 93 663
7 34 172
86 108 469
135 110 456
44 8 996
147 88 427
39 44 353
77 117 106
25 22 664
67 81 877
30 97 983
22 5 542
22 1 305
15 22 245
