200 200 100
101 109 620
116 167 745
144 90 183
94 200 565
195 56 13
153 196 657
199 80 461
20 125 777
189 59 468
102 2 940
99 157 816
48 197 677
195 180 634
71 145 751
132 188 519
6 171 342
164 121 735
155 193 303
63 57 288
84 108 738
195 178 452
178 39 504
182 26 927
145 54 485
171 61 486
50 55 591
83 92 499
128 164 36
116 199 925
91 155 845
107 154 493
123 148 428
43 165 542
168 37 199
107 15 447
102 77 491
35 73 499
170 31 259
135 87 928
30 163 520
123 66 423
173 99 765
189 45 178
14 173 352
173 122 658
117 108 264
52 65 67
49 97 253
92 152 13
117 113 306
120 16 762
161 1 421
154 166 64
24 155 326
123 73 276
122 173 696
71 51 742
15 145 426
1 181 875
93 63 235
179 155 691
19 148 88
95 143 753
79 121 624
116 30 901
144 145 630
21 26 43
73 68 711
111 14 834
123 100 760
122 100 43
86 165 542
8 140 897
80 88 987
133 143 582
78 59 844
3 184 187
34 179 484
180 76 26
38 154 807
86 194 296
2 190 252
13 28 64
57 98 203
145 187 804
184 80 69
190 28 637
148 9 407
3 60 690
97 181 811
12 138 164
45 133 196
66 15 543
104 117 71
37 36 597
75 192 914
146 85 508
114 7 491
127 20 216
86 189 294
