20 20 5
5
19 11 64
7 12 854
9 9 926
6 6 966
20 15 831
16
18 8 514
3 15 801
19 17 767
12 3 981
19 5 624
1 6 362
2 17 75
3 9 900
9 3 512
15 1 19
7 1 748
20 20 626
14 4 553
12 18 237
1 7 68
19 9 920
8
18 17 726
2 8 867
20 9 752
11 5 863
10 20 680
1 12 877
7 1 106
19 9 966
17
17 14 825
7 20 4
13 20 270
4 17 198
19 18 627
8 17 859
9 10 310
15 12 496
8 14 86
19 10 414
12 16 278
13 2 306
19 19 346
10 2 243
17 7 862
1 9 621
12 9 383
11
3 9 177
16 14 9
12 12 140
8 10 894
1 15 853
11 20 11
2 15 882
19 4 279
15 6 1
16 13 282
11 8 245
