50 50 10
2
15 11 797
1 49 163
13
21 30 344
23 28 541
6 39 430
20 14 506
39 30 121
17 29 615
36 20 149
32 5 633
2 28 210
34 23 145
20 27 619
30 34 938
33 1 796
15
27 9 479
49 45 867
15 39 245
1 41 204
22 45 1000
2 50 761
50 43 899
17 18 262
2 30 626
18 29 105
13 44 534
7 28 889
8 50 593
19 22 643
3 50 519
17
35 35 852
30 29 816
27 47 144
10 28 929
46 38 873
49 13 719
39 31 91
45 44 307
26 32 119
36 39 484
43 39 359
36 50 957
8 31 706
14 49 149
31 34 598
49 27 539
17 17 948
7
43 37 977
2 30 854
33 4 990
45 27 95
11 38 648
45 12 198
34 16 165
15
8 24 117
16 48 337
33 44 224
26 15 746
38 6 95
36 20 712
6 43 172
48 15 12
39 49 161
11 26 688
38 11 328
40 46 234
24 3 575
39 42 593
46 43 747
12
5 16 128
28 41 372
34 25 751
18 16 291
6 29 905
41 22 150
27 34 582
31 40 987
25 6 785
11 14 354
33 2 702
7 13 906
7
36 47 364
27 49 385
30 11 935
4 50 11
28 33 573
24 13 217
8 35 402
13
46 43 245
22 39 585
33 38 387
5 36 534
3 32 196
2 40 102
8 2 438
9 13 850
40 21 405
49 37 255
29 10 805
48 28 837
48 44 150
4
46 12 533
16 37 173
12 13 423
3 28 906
