100 100 30
9
24 17 1000
24 46 803
51 16 104
96 97 777
9 78 663
49 12 624
44 96 158
83 2 682
48 56 748
19
38 15 496
73 63 943
50 67 176
95 20 915
15 92 142
19 45 179
10 98 258
86 5 856
87 68 31
99 60 729
61 56 908
33 2 537
100 72 498
59 99 455
45 87 832
97 13 805
26 48 94
56 95 673
56 9 677
14
72 93 444
83 98 360
33 12 408
28 74 272
82 18 60
94 77 522
43 61 793
16 70 402
65 64 891
22 12 684
31 29 612
66 7 331
38 6 1000
81 96 236
10
81 5 976
29 92 611
40 18 576
61 60 452
39 25 824
20 84 648
22 15 884
93 70 62
71 51 763
49 4 12
15
69 7 854
31 62 40
4 49 958
56 62 270
24 65 234
71 29 550
37 79 725
10 91 452
44 92 782
79 41 936
86 11 81
18 82 43
55 83 923
58 76 818
77 5 60
8
87 13 862
94 7 31
65 91 866
47 12 563
68 27 130
58 44 743
76 28 40
52 57 655
18
37 34 535
36 78 360
96 80 819
48 2 705
29 54 633
16 77 816
75 59 851
64 39 718
100 95 832
32 61 344
60 18 135
96 55 958
9 46 416
59 73 653
16 28 306
23 57 153
89 14 849
3 17 184
10
44 11 859
62 82 508
70 13 796
36 40 232
91 94 569
52 18 790
54 81 259
51 49 356
27 24 10
68 24 163
2
48 12 39
55 11 396
5
63 19 318
66 65 122
52 35 534
37 58 987
57 71 697
14
85 45 218
95 29 826
24 17 451
47 34 175
84 18 177
58 56 102
81 4 202
64 64 415
39 85 71
84 100 665
98 55 748
78 61 697
68 69 35
27 29 976
7
65 47 32
59 30 925
59 72 42
78 35 941
78 10 98
3 75 756
83 23 557
3
7 45 414
54 88 754
60 34 199
8
62 58 786
9 6 593
42 52 456
62 29 28
24 71 479
48 64 615
75 31 957
100 42 713
10
80 33 936
49 44 85
5 32 804
92 26 796
93 90 904
25 55 565
48 64 489
56 23 317
84 72 289
7 14 869
9
19 79 806
88 68 428
50 24 859
15 53 329
32 2 682
23 7 867
1 52 413
28 37 139
58 68 680
5
90 82 929
12 54 932
35 38 679
33 96 57
29 58 731
5
92 72 829
99 84 138
19 86 970
69 67 145
86 96 433
14
17 52 519
2 89 870
47 59 180
78 54 834
45 97 529
4 18 76
28 10 47
62 97 758
89 76 405
11 74 937
74 95 660
21 44 341
52 28 100
57 64 563
6
57 81 403
23 26 15
48 55 771
59 61 161
86 41 785
58 77 446
12
15 2 626
60 61 953
19 34 406
60 33 316
96 38 733
81 40 724
60 71 567
90 48 769
45 30 55
18 95 355
6 63 291
83 59 850
8
83 20 894
45 50 488
31 79 896
41 9 274
19 46 216
60 97 26
100 26 31
7 70 79
4
79 75 29
3 82 657
60 59 133
32 69 604
12
56 77 318
21 22 148
5 95 479
91 19 135
28 22 42
52 74 449
83 20 185
93 62 770
14 22 46
36 86 773
38 64 701
91 81 448
5
14 100 376
16 74 605
65 87 461
75 100 174
32 44 830
19
57 56 348
23 17 664
93 61 986
76 89 981
33 72 494
81 91 756
8 66 929
57 42 268
67 84 734
41 45 406
69 76 466
29 4 722
81 81 17
35 99 851
38 32 713
27 87 822
1 72 798
13 38 506
23 11 152
3
98 75 998
88 69 345
23 69 230
1
27 68 450
18
31 29 283
20 63 826
37 46 385
34 41 599
14 10 757
48 62 847
86 74 730
32 5 999
74 71 894
95 13 839
18 84 382
65 60 557
67 1 59
33 92 214
93 54 569
20 56 698
86 58 534
22 22 47
7
37 11 935
87 19 7
82 21 211
27 13 916
37 53 533
64 91 904
37 46 876
