100 100 50
11
77 74 363
1 5 115
9 88 240
4 48 424
41 65 511
70 19 628
8 31 573
7 3 27
86 86 227
59 52 783
11 41 865
17
73 92 245
18 58 284
69 91 884
12 16 322
6 16 71
81 95 693
17 12 389
66 47 2
16 18 258
66 80 300
54 21 757
67 66 126
16 50 447
60 11 12
26 61 359
30 72 62
100 93 228
12
6 100 929
53 24 77
9 61 382
77 11 637
95 1 722
56 67 359
14 91 471
84 13 386
64 67 161
23 23 305
61 73 104
50 26 543
7
29 90 224
42 57 334
94 24 907
86 92 868
19 90 161
14 84 847
20 93 304
14
54 65 971
42 93 509
93 63 44
45 34 485
43 43 610
97 70 973
77 75 360
68 92 993
4 13 881
15 71 266
98 30 134
56 19 112
68 44 11
92 1 598
8
21 76 107
32 59 616
36 3 840
8 70 11
87 66 617
34 20 704
50 89 110
60 76 511
1
86 56 31
14
36 15 187
97 22 428
56 60 202
100 75 673
1 44 957
38 16 929
44 92 162
83 5 21
94 82 161
23 25 780
55 60 38
69 18 505
13 69 526
15 63 8
11
98 40 583
99 58 151
47 55 966
80 70 645
63 50 640
19 25 399
77 83 709
10 21 471
81 8 260
38 71 772
61 1 275
16
5 39 363
31 33 24
31 38 811
62 4 968
10 9 916
29 56 312
87 69 136
83 34 749
27 77 527
99 58 576
2 27 422
21 17 110
13 70 710
55 15 512
21 53 277
84 58 931
2
33 64 767
38 39 967
8
16 63 479
75 39 443
61 16 704
92 94 771
44 1 914
2 64 49
34 23 108
12 99 431
1
46 16 81
15
25 74 872
69 6 156
78 65 547
62 4 169
37 71 104
66 55 301
13 94 481
44 8 261
47 20 994
65 8 939
36 57 203
13 32 789
8 70 815
55 89 866
40 59 679
15
82 37 939
69 74 137
10 52 751
41 35 255
93 53 508
99 28 909
8 14 104
79 89 8
79 29 993
94 11 151
32 84 322
55 8 405
5 7 799
95 9 6
45 55 886
18
42 12 797
88 81 504
4 48 301
59 13 549
71 72 991
100 97 227
48 63 924
23 32 275
82 5 733
28 33 239
60 80 301
37 5 190
73 79 769
82 96 110
81 22 128
29 9 192
9 98 318
52 13 555
13
64 58 903
13 9 426
7 61 793
46 51 22
100 86 266
78 74 315
9 74 760
27 10 421
19 6 541
75 26 419
43 24 276
62 6 623
70 65 363
19
100 49 157
36 27 409
61 54 180
65 90 162
82 74 484
98 2 764
78 3 399
62 17 124
36 7 38
37 38 247
97 56 687
60 75 997
28 12 435
48 64 571
75 33 606
95 29 595
28 20 934
64 21 49
50 66 29
17
90 13 191
5 87 42
18 14 47
57 57 290
63 40 137
59 87 50
51 92 431
61 83 946
79 14 256
88 80 685
74 13 289
75 75 944
59 2 454
49 95 268
81 39 488
64 78 938
80 5 572
8
52 10 597
81 53 5
75 1 205
54 13 158
41 52 450
70 95 380
67 85 807
6 87 631
13
94 95 122
46 9 866
50 9 582
62 94 451
87 48 645
97 7 800
100 86 682
87 57 608
51 38 596
58 21 618
74 74 25
94 22 394
75 93 138
13
54 51 296
7 81 551
17 46 640
12 67 348
84 90 267
63 1 462
4 43 764
71 15 817
87 73 477
86 8 908
17 27 115
53 86 627
63 59 364
19
56 66 564
40 92 996
83 3 121
74 27 658
91 48 954
98 56 950
67 89 645
82 90 354
76 66 264
77 11 116
74 37 796
100 64 868
29 12 304
30 4 943
81 7 140
1 96 787
26 7 883
65 72 383
45 86 221
9
6 25 822
23 70 246
57 21 757
100 55 253
60 64 373
36 68 549
46 44 966
99 17 41
92 43 594
6
24 38 152
87 99 409
63 72 912
10 79 807
57 76 136
37 15 313
16
93 61 250
97 4 201
35 29 15
2 26 405
92 86 308
14 80 726
6 78 606
57 55 521
24 8 377
26 76 608
8 70 159
87 12 372
4 64 476
31 58 69
54 70 970
95 71 162
20
87 61 925
5 3 503
26 37 658
57 81 639
56 47 299
12 28 266
20 33 632
9 21 906
85 30 409
85 64 667
73 63 372
21 10 517
94 59 778
92 72 321
68 21 721
40 15 184
96 46 443
23 28 354
44 65 498
49 65 223
15
78 8 565
35 78 236
75 86 80
19 80 970
33 15 757
60 78 19
16 34 162
72 83 270
57 35 996
82 25 755
97 4 721
52 22 707
73 84 146
84 44 271
61 13 387
10
47 80 507
77 42 874
20 11 829
8 24 327
47 86 598
58 61 234
25 84 474
9 81 648
68 20 275
33 30 529
1
82 13 411
16
13 3 320
58 28 765
58 77 502
68 22 246
3 24 231
46 96 985
66 16 904
9 33 209
89 31 451
89 9 12
74 59 830
43 50 947
26 41 575
56 39 10
61 47 362
2 26 301
13
78 51 636
75 83 168
58 9 665
69 36 140
78 7 964
7 89 648
18 57 591
51 100 844
89 85 173
58 52 888
77 10 142
47 36 772
45 99 651
3
50 24 338
48 47 636
15 56 915
11
78 61 929
23 99 303
41 64 324
36 63 844
34 80 256
59 25 61
27 27 842
71 53 216
52 78 213
24 87 337
67 28 693
12
79 40 398
34 15 178
27 33 496
4 64 92
96 18 919
34 77 786
13 63 76
67 51 297
36 72 752
21 50 272
63 32 220
54 16 429
19
31 61 529
38 43 745
16 33 940
5 83 987
86 49 613
8 79 338
99 14 822
89 70 223
12 70 728
14 88 629
78 53 132
9 57 483
15 61 210
98 11 372
3 24 375
93 62 798
15 75 820
30 10 706
53 53 514
13
79 99 411
50 85 265
66 35 386
92 73 565
17 69 628
29 39 352
54 31 363
11 43 487
75 30 591
22 84 143
79 24 402
9 87 527
41 39 727
6
38 82 838
75 3 257
71 5 439
49 27 23
54 76 204
71 55 131
10
28 23 842
25 81 381
49 19 519
77 69 680
75 59 970
95 2 118
69 28 79
46 65 292
100 80 640
37 65 569
2
45 68 974
23 74 489
7
90 31 855
88 78 768
86 60 844
29 76 183
1 55 320
31 50 908
25 88 456
10
58 60 269
63 40 529
85 78 555
71 50 177
75 100 127
58 93 470
93 73 4
93 1 209
85 11 706
66 96 584
15
11 20 591
18 49 736
67 50 592
25 31 351
52 16 507
6 73 255
48 19 127
21 85 798
97 5 255
74 83 838
35 15 80
39 96 14
98 67 461
43 78 745
47 57 317
2
14 65 287
2 39 975
12
14 100 383
46 50 142
83 21 49
67 96 712
1 42 615
27 25 911
18 92 887
11 8 703
42 73 643
15 66 343
20 30 421
53 33 575
11
69 6 534
79 1 909
34 66 153
79 18 749
36 58 884
16 24 207
54 40 61
64 74 452
86 77 507
59 74 508
21 8 890
9
36 11 841
80 58 904
17 64 192
74 82 51
67 78 238
66 6 319
69 48 883
9 38 927
6 17 670
13
52 89 980
87 64 527
80 65 912
31 100 335
89 55 885
24 71 952
81 44 905
25 27 833
95 11 818
13 69 666
88 99 425
68 9 867
45 59 242
9
64 57 736
5 8 99
13 87 556
83 7 834
93 69 265
32 61 552
100 22 209
4 75 990
68 56 203
5
19 39 108
88 48 65
28 12 240
49 47 461
45 94 515
