100 100 50
13
26 19 220
87 91 637
57 49 140
3 11 344
58 93 505
4 44 707
64 7 905
3 46 327
95 18 32
96 39 48
19 75 243
10 42 646
77 23 689
18
79 74 52
74 14 115
9 78 514
8 37 201
6 67 833
46 70 39
10 96 402
32 43 126
15 71 798
85 57 13
8 56 321
74 72 965
61 26 752
69 30 923
54 16 9
26 6 474
85 3 692
30 29 298
19
8 18 253
96 4 865
11 64 179
62 16 13
25 37 530
54 50 701
86 50 428
59 70 546
68 95 834
27 26 806
38 77 954
84 67 214
87 44 154
71 36 919
67 38 696
5 21 173
81 31 931
6 35 578
69 9 563
6
97 91 128
51 78 473
72 37 584
30 77 612
80 45 699
37 80 698
10
72 75 122
64 87 147
45 19 33
77 17 854
70 31 912
83 71 653
93 75 564
57 99 366
76 77 817
28 63 827
13
62 81 546
93 22 897
96 1 804
100 11 579
9 27 690
11 60 24
67 2 151
46 39 794
78 6 851
47 47 462
29 51 290
2 44 357
38 8 118
2
10 65 58
47 52 147
18
33 71 714
16 21 890
42 67 972
90 91 412
6 87 101
98 64 163
83 48 449
60 3 708
85 43 821
47 48 653
20 50 616
7 62 945
100 71 841
92 70 753
11 62 881
80 87 665
11 17 102
65 33 828
10
5 98 592
55 36 182
14 6 154
78 96 768
87 19 224
8 86 334
82 47 504
10 35 403
48 90 62
25 56 241
1
70 46 929
13
95 4 897
30 77 959
96 35 543
13 7 879
58 69 851
17 10 120
65 2 349
1 35 86
63 73 550
19 49 380
55 56 772
83 35 440
35 40 559
11
71 84 152
49 25 319
86 54 439
38 4 735
97 78 164
34 53 892
83 36 876
46 96 934
100 54 280
50 48 986
80 36 870
11
96 87 328
68 6 351
51 29 891
12 34 710
37 74 749
92 42 623
90 29 251
22 90 39
51 46 879
64 52 990
35 13 95
19
80 37 823
23 63 368
4 76 129
66 60 535
93 3 358
21 35 356
85 56 656
81 79 706
51 76 53
23 38 480
40 45 885
91 60 63
5 34 580
24 16 262
99 40 619
33 99 157
84 89 833
48 45 171
28 20 465
14
95 45 963
37 98 953
87 81 52
95 34 201
26 10 361
8 79 805
83 78 803
12 80 541
13 20 324
40 47 564
10 51 14
11 89 467
83 50 56
71 63 454
6
26 3 613
31 83 895
77 51 951
76 24 477
61 66 246
46 2 741
4
29 33 909
37 77 694
79 73 727
61 100 477
16
75 9 317
27 11 485
6 87 537
15 77 997
40 25 311
80 54 238
23 78 116
29 40 474
62 50 166
68 70 459
23 61 477
28 20 73
6 98 91
2 63 29
68 10 17
94 60 134
18
45 6 260
37 93 899
45 31 487
26 7 600
13 17 662
25 78 511
97 97 95
9 60 606
38 23 157
64 30 364
57 48 624
41 38 357
7 12 55
87 61 917
37 79 88
57 73 13
96 16 495
63 20 836
10
26 5 368
5 87 507
29 85 487
22 33 689
91 65 24
16 77 672
59 47 49
9 34 799
84 8 554
27 11 212
10
23 23 33
55 39 641
93 46 858
88 43 57
66 48 614
78 44 135
90 60 417
91 70 163
29 63 778
21 13 380
2
99 1 487
76 91 233
8
94 39 898
29 1 170
82 45 974
49 2 490
32 42 263
60 22 728
30 45 676
21 18 256
20
93 29 520
22 34 727
52 54 72
2 100 842
86 74 314
72 48 758
38 55 170
40 3 909
19 42 53
1 2 911
69 25 366
98 39 517
89 45 627
17 96 974
24 92 804
12 97 104
50 56 745
68 35 150
81 28 389
61 35 557
9
40 1 953
8 28 395
16 32 48
33 20 609
81 58 259
31 92 941
88 66 422
19 97 522
71 59 723
7
66 57 417
51 66 587
77 55 683
86 67 840
9 1 285
26 70 780
24 86 326
16
15 21 673
69 80 69
87 38 311
65 98 665
59 30 477
47 3 663
84 25 776
65 55 674
23 10 94
2 71 804
77 66 891
97 34 809
83 73 257
84 28 238
31 16 896
40 35 510
11
74 5 939
24 67 552
74 13 703
38 42 288
2 41 506
69 99 779
5 67 111
59 40 333
27 67 423
37 61 226
7 75 780
20
80 19 197
6 83 384
38 9 671
80 26 1
80 10 942
92 63 907
28 35 10
63 1 387
26 17 545
33 65 264
4 86 79
83 32 284
84 53 525
15 72 427
88 20 644
37 75 694
75 67 448
84 34 647
31 76 670
73 5 28
4
55 63 993
71 77 674
68 52 582
27 21 598
16
81 34 123
54 89 782
64 61 611
83 39 889
46 67 348
24 25 431
1 15 1
77 74 375
74 32 640
52 5 279
25 66 318
37 69 603
92 37 879
18 9 619
25 10 548
85 75 566
16
38 26 725
59 9 112
45 5 208
81 30 455
10 4 660
20 75 302
80 39 631
34 5 588
32 96 126
47 27 155
18 73 623
49 59 528
100 51 22
49 57 314
21 93 246
64 25 249
18
40 6 155
61 86 271
51 47 591
13 72 63
39 23 569
92 22 136
32 78 163
56 23 997
75 5 690
85 77 973
32 2 807
22 13 117
14 86 998
74 68 356
33 51 452
15 62 652
60 27 906
75 76 162
20
89 36 107
62 74 212
64 46 847
69 37 978
83 24 355
83 92 278
73 81 591
3 93 720
45 41 365
92 97 531
5 5 849
1 67 90
16 15 274
91 76 710
22 21 562
19 72 411
87 43 382
88 42 553
89 36 767
72 70 130
14
65 59 258
63 80 624
42 92 329
18 8 805
61 57 663
36 25 520
39 95 343
100 28 42
2 3 713
81 43 83
4 43 837
23 100 180
25 71 151
33 14 362
17
27 60 932
29 65 352
60 34 880
73 49 891
47 14 730
6 82 118
61 36 969
55 46 368
70 9 412
7 47 632
29 38 965
54 83 923
71 46 356
91 71 386
67 41 103
15 27 197
35 8 887
20
35 7 946
71 5 389
98 10 958
55 64 406
62 26 509
42 17 406
33 48 488
39 54 645
16 88 282
72 48 140
9 24 119
68 83 534
70 62 892
31 79 46
17 61 514
29 11 292
55 69 195
36 3 437
23 71 590
58 84 713
19
25 86 22
22 75 843
32 71 400
74 7 259
59 12 829
29 50 407
23 23 659
35 74 724
59 67 691
79 69 8
54 74 497
11 67 969
64 96 418
85 27 859
54 23 861
15 34 722
13 14 795
39 74 70
57 27 838
14
61 71 709
45 81 896
6 84 430
83 94 887
72 49 187
8 94 574
57 39 199
37 1 988
2 67 65
14 40 629
96 78 549
11 21 443
75 75 4
3 46 670
5
93 19 937
12 90 21
18 93 214
10 61 70
3 7 802
8
58 28 197
16 33 68
76 98 184
50 33 137
63 69 423
85 37 151
42 47 658
69 38 628
4
18 4 781
84 12 583
92 32 356
70 63 138
19
76 60 260
89 79 359
26 13 195
48 20 321
70 57 1000
61 3 974
42 6 473
85 6 812
46 55 362
26 4 440
71 12 352
15 27 947
52 6 42
1 23 730
67 57 415
17 70 513
45 19 738
90 48 16
15 42 5
15
66 76 249
69 5 122
96 95 664
85 76 706
58 53 647
3 56 343
44 32 715
96 90 710
49 1 995
56 41 778
79 95 164
34 77 591
100 38 300
81 94 720
59 64 86
12
6 39 890
21 43 15
65 85 320
90 89 96
37 35 66
1 20 859
5 67 676
71 70 845
68 85 285
76 31 507
74 55 478
64 85 617
10
86 68 828
83 29 152
96 37 560
97 70 16
29 79 202
97 43 904
56 43 535
63 52 21
48 39 471
29 97 227
4
41 40 331
89 94 741
86 8 885
95 51 612
6
74 100 478
12 12 255
97 86 926
86 51 803
85 39 159
77 100 518
10
91 35 660
64 8 497
40 93 215
3 28 671
63 11 37
92 11 681
11 40 780
67 11 769
19 3 686
54 88 273
20
1 71 296
19 34 311
13 15 194
90 10 936
86 33 46
18 34 34
12 42 507
77 96 271
46 47 753
59 91 61
51 17 191
97 73 992
16 96 483
20 73 517
8 57 269
23 49 827
46 79 673
80 8 992
89 58 324
6 59 49
