100 100 50
9
2 45 981
83 82 243
13 18 136
100 61 386
97 84 461
36 24 991
35 78 974
52 87 346
95 36 339
18
35 77 131
78 99 597
33 12 912
66 30 647
35 52 222
77 78 304
8 93 792
28 75 671
14 81 184
16 93 484
9 53 943
63 28 483
38 23 230
61 59 782
74 69 610
47 60 648
62 84 319
3 99 50
11
84 72 462
83 74 85
43 36 525
28 80 123
6 25 2
5 98 969
87 11 23
19 75 35
28 51 97
89 90 388
62 56 986
20
9 52 773
44 37 160
50 92 849
53 75 762
92 78 613
86 41 895
46 34 143
75 36 257
89 6 995
46 34 990
74 8 390
80 26 481
47 23 829
15 21 64
3 95 243
54 80 547
17 75 526
36 60 948
57 66 130
19 64 238
18
83 93 316
60 42 984
49 70 769
89 43 202
100 85 43
54 99 3
42 38 127
75 72 389
20 15 865
1 99 139
94 63 445
18 35 703
56 7 112
10 61 705
16 36 240
2 43 345
2 42 949
59 25 396
19
29 9 189
72 20 934
70 49 57
36 81 505
75 58 69
52 30 307
54 78 997
39 95 829
47 41 700
20 76 432
37 43 661
95 1 269
9 50 436
76 59 199
84 7 430
42 29 495
55 24 604
3 57 539
42 15 783
5
90 81 161
92 45 510
83 71 464
84 6 318
23 86 481
13
45 7 586
26 16 876
41 77 498
29 71 351
14 58 587
50 44 289
76 8 313
7 36 691
53 23 246
88 31 623
98 57 996
27 96 406
65 85 473
17
62 42 683
25 24 277
31 97 866
33 41 293
38 84 805
99 99 488
76 17 411
32 56 103
68 24 229
79 52 274
47 56 81
75 35 282
38 2 152
82 2 593
47 79 449
71 38 11
49 5 716
15
73 69 389
86 25 99
26 100 983
93 87 864
21 28 718
53 55 596
98 42 970
79 59 911
71 50 77
70 24 249
53 45 242
94 17 810
58 13 71
76 57 192
81 95 330
10
96 64 238
81 34 244
28 82 158
31 23 860
55 16 762
36 93 876
56 50 376
23 49 300
46 68 821
4 38 694
6
20 69 192
20 51 481
65 61 744
94 7 247
36 45 405
62 96 230
4
40 96 551
2 47 662
17 35 204
78 6 686
16
76 56 448
9 94 894
63 7 136
72 19 880
94 92 894
45 19 318
93 77 538
74 31 800
31 64 469
88 86 536
23 51 775
83 37 991
12 12 144
18 19 999
37 65 690
53 75 897
1
47 79 990
15
54 64 380
57 44 520
33 89 862
53 55 108
11 12 707
52 50 320
1 90 41
87 26 779
34 95 817
54 84 396
64 10 250
42 5 948
1 81 218
33 57 728
74 71 603
15
99 64 486
94 74 974
40 96 390
7 51 865
100 42 324
19 96 528
44 84 374
46 19 849
36 11 193
17 2 424
58 78 355
36 72 883
75 79 248
49 21 778
52 95 956
18
80 96 800
18 58 294
45 48 793
35 82 707
62 10 371
39 23 845
1 84 19
94 44 172
56 41 161
73 11 468
99 58 10
24 11 323
39 30 782
82 5 467
88 48 337
3 2 540
4 30 683
32 75 936
5
54 75 429
95 11 431
34 86 932
83 57 838
22 27 691
20
17 73 290
7 35 182
16 89 874
8 19 162
45 72 630
19 92 711
41 94 89
60 68 396
54 61 839
4 11 927
91 20 308
1 94 427
6 27 270
54 94 888
99 66 143
13 31 835
7 77 373
70 60 631
46 39 912
64 39 949
18
43 52 209
66 93 623
1 71 765
86 43 691
94 14 509
96 13 658
100 28 614
89 37 476
19 68 187
35 14 455
17 43 890
64 94 881
35 30 981
86 9 772
7 58 432
83 35 235
75 69 397
85 83 521
5
26 16 636
64 79 47
93 47 872
74 4 56
73 95 675
7
50 81 107
11 33 431
93 76 12
32 50 901
73 96 761
29 66 784
61 33 466
14
18 88 682
68 45 820
95 79 916
9 15 926
37 44 707
84 93 467
66 37 976
7 68 621
67 51 421
88 72 825
1 72 402
57 1 903
10 55 627
40 40 743
16
67 70 885
39 19 432
48 27 299
82 2 888
62 64 266
28 100 124
63 6 839
27 21 416
69 68 18
62 92 597
86 90 644
73 62 642
100 42 766
75 88 930
96 90 427
6 14 138
1
33 23 533
10
97 33 348
96 55 729
73 53 660
38 39 795
98 53 581
81 90 925
32 13 611
80 61 729
60 85 126
86 51 452
19
90 20 102
3 49 145
85 72 912
68 36 737
34 57 490
85 55 593
46 52 214
98 56 668
55 71 572
48 34 313
42 26 827
86 18 739
53 15 750
97 45 683
22 54 547
24 84 894
85 80 983
67 19 116
47 41 962
7
66 34 314
82 23 765
60 91 862
12 89 735
79 49 593
10 8 169
7 75 620
7
61 31 856
54 71 731
26 45 899
56 59 392
7 43 31
14 100 370
92 32 506
16
44 97 626
30 37 795
88 21 50
99 82 257
33 2 367
70 93 700
63 86 499
53 100 751
22 62 143
19 86 483
32 59 924
20 52 541
98 22 115
65 2 692
82 16 666
15 82 614
3
59 89 457
74 37 50
57 22 109
2
67 56 95
68 78 301
11
7 20 417
52 1 581
35 48 864
90 85 851
23 77 389
82 29 392
85 27 146
82 50 135
21 35 295
29 26 991
39 10 152
19
88 99 386
15 44 709
32 53 584
69 74 181
5 56 187
84 36 830
47 28 466
23 96 743
55 75 780
42 52 666
5 51 246
82 58 587
92 52 238
83 22 856
87 63 890
21 11 443
15 45 186
1 69 847
11 29 107
11
49 89 483
21 22 608
82 2 509
84 69 143
8 17 81
43 46 836
98 59 122
69 74 691
35 98 822
25 98 560
62 59 663
4
33 55 797
1 6 88
43 25 658
56 10 807
5
78 100 792
37 73 856
54 72 255
68 76 665
23 29 143
12
57 1 316
77 23 869
86 31 969
6 47 23
90 30 39
61 90 636
57 45 962
54 29 614
37 23 257
53 34 324
17 71 587
21 62 218
2
34 75 43
90 99 851
5
78 100 450
14 77 230
39 24 801
98 23 156
62 34 515
7
10 52 919
96 5 525
98 86 596
8 35 411
18 38 813
23 18 181
33 70 577
2
14 53 534
99 35 873
9
62 36 955
100 88 302
57 67 134
62 59 661
79 81 149
100 99 834
32 93 827
88 9 698
1 44 686
20
2 70 1000
44 44 745
4 92 849
37 43 558
7 15 761
6 15 454
58 53 75
86 82 963
90 59 235
13 74 783
21 43 430
26 100 588
52 49 584
91 43 702
92 28 436
64 20 945
93 75 781
42 27 485
28 50 908
22 55 12
16
26 83 445
47 85 415
81 21 584
61 4 151
73 32 356
92 4 186
61 80 477
90 70 22
34 44 69
34 47 366
44 64 764
58 47 721
21 1 472
74 50 598
77 7 485
13 9 110
19
37 24 444
6 68 198
88 90 659
43 39 615
14 81 480
46 81 402
13 3 521
98 55 917
72 46 438
52 85 785
29 25 152
15 23 191
49 30 662
53 20 574
24 24 733
53 20 207
43 79 675
33 52 311
87 64 609
13
13 2 859
78 66 652
57 24 828
86 20 408
68 2 627
15 78 157
89 48 723
81 6 735
1 90 567
36 61 668
80 63 437
53 61 86
26 91 310
15
93 89 509
32 6 123
48 92 336
20 32 19
85 62 138
63 32 882
35 70 763
95 56 737
7 39 442
1 71 597
24 9 12
92 24 172
68 15 609
96 95 428
16 42 782
13
67 31 800
17 76 599
46 68 941
17 22 490
93 27 465
14 35 621
79 17 664
23 15 903
53 27 635
84 67 830
15 29 550
30 6 412
72 89 681
