80 80 40
8
7 64 381
38 13 345
49 48 173
53 58 971
25 74 638
16 12 519
8 32 783
80 18 393
2
30 22 280
54 57 469
9
45 79 863
20 63 453
17 71 371
39 54 265
63 45 608
22 77 289
56 55 751
9 29 615
78 59 523
5
20 11 22
44 37 675
34 2 89
11 30 835
24 58 332
12
38 36 675
74 45 388
45 73 584
46 29 682
53 61 998
11 52 698
29 8 855
71 79 484
54 59 265
34 56 440
47 32 782
32 19 649
3
32 51 320
80 2 869
26 28 914
17
20 38 41
56 56 917
66 19 119
18 66 122
72 33 624
16 65 283
76 27 821
19 26 397
22 71 58
50 44 681
57 16 356
62 7 515
28 60 343
24 33 184
33 28 439
69 2 539
49 5 910
5
12 71 3
59 14 900
39 6 992
26 47 183
32 78 642
8
36 64 911
54 52 15
2 13 923
21 26 496
20 50 363
15 75 141
25 78 735
79 59 146
16
18 34 895
58 42 151
75 35 446
75 66 766
40 40 190
71 26 272
14 63 587
61 48 387
68 32 536
31 74 768
51 44 442
27 20 820
12 40 311
25 74 481
22 69 589
35 19 371
17
46 69 83
64 25 905
39 75 588
12 63 338
33 69 79
47 23 894
73 27 197
50 78 49
28 66 720
67 23 797
14 30 497
7 10 295
29 12 150
21 78 745
61 10 509
52 60 906
29 1 984
14
49 74 338
27 28 706
1 14 403
15 60 361
76 55 452
76 18 699
64 46 454
25 28 445
18 48 160
16 20 879
65 58 401
54 12 488
34 51 54
78 59 844
3
67 39 526
33 54 182
40 19 1000
4
7 13 896
3 72 348
51 28 997
73 25 901
4
61 61 886
54 27 957
16 39 745
66 77 145
20
53 43 995
49 54 218
22 78 358
13 37 510
28 25 935
73 27 140
9 76 100
25 27 907
23 46 137
57 31 221
71 61 87
15 42 603
33 48 336
34 77 494
43 70 749
15 23 6
36 29 933
20 65 948
76 69 329
73 37 915
10
77 30 570
58 1 714
58 22 714
2 41 870
35 58 452
70 12 990
61 69 977
62 64 112
7 76 361
63 73 595
19
18 51 759
21 8 191
18 57 50
33 6 929
2 34 308
51 23 45
5 62 649
4 39 125
25 2 995
80 78 236
48 33 638
13 41 463
38 22 410
55 41 417
24 5 657
8 36 354
38 9 754
17 61 728
65 61 377
11
80 57 934
37 55 640
53 1 957
42 9 278
55 15 320
13 10 67
10 20 732
67 26 150
79 42 74
38 65 224
63 13 110
15
38 5 468
69 8 578
51 79 14
40 40 490
44 9 227
25 16 184
58 18 784
34 63 593
62 52 732
27 33 796
55 36 145
42 3 889
44 35 854
68 42 919
31 44 906
14
2 71 372
52 71 675
77 48 375
49 35 11
9 71 915
47 51 930
62 38 882
20 44 265
39 33 825
55 30 262
27 31 671
5 58 557
1 13 60
20 10 481
15
31 38 594
28 14 6
43 2 980
62 47 544
63 14 203
31 44 913
66 9 835
62 11 94
45 9 661
68 7 867
63 56 640
60 68 214
24 29 140
15 74 892
10 20 537
6
68 50 645
72 24 899
50 42 324
73 59 731
71 73 961
66 52 933
13
56 21 785
77 29 729
18 13 921
61 10 292
48 6 275
16 77 587
46 57 36
6 35 921
73 69 618
51 1 884
44 13 712
52 43 521
7 50 966
14
30 15 824
50 37 910
65 69 957
32 31 749
19 75 968
59 27 730
71 51 795
66 32 247
46 31 757
38 59 457
27 17 799
78 72 300
46 26 44
31 77 702
15
35 3 176
41 74 339
73 59 267
3 5 100
65 4 629
47 26 457
43 67 3
15 25 400
56 55 369
64 77 497
51 65 869
59 39 560
9 17 392
30 15 733
17 61 493
11
64 40 331
57 9 35
45 3 738
16 62 568
27 5 398
31 76 658
42 34 430
60 7 792
40 14 862
76 5 996
27 21 554
9
24 18 345
70 18 51
22 8 682
31 5 102
63 42 873
57 25 90
17 22 709
23 41 502
27 7 135
4
24 70 947
45 28 238
34 5 42
32 55 787
17
79 11 903
56 7 459
69 73 71
80 67 124
80 80 234
9 11 76
69 32 813
19 40 747
64 32 287
69 31 623
66 73 7
3 34 603
78 49 465
27 62 772
50 11 100
46 5 977
47 69 593
16
12 10 265
5 7 293
16 15 675
48 49 488
48 69 269
46 18 887
6 64 668
43 29 618
37 8 557
42 17 214
63 56 323
71 6 881
34 60 278
9 52 746
52 43 926
74 20 318
6
32 49 74
32 6 561
63 74 239
9 14 450
76 35 383
28 60 294
3
42 44 273
52 20 195
50 54 810
16
63 75 4
71 13 759
35 24 751
37 65 424
12 42 848
31 26 926
78 54 225
40 8 433
25 13 145
61 66 856
60 22 907
25 33 805
33 11 251
7 38 66
3 35 359
36 66 722
11
28 3 776
20 80 309
36 64 247
15 28 418
51 61 345
25 14 23
79 43 307
38 32 760
51 23 172
6 57 920
51 39 557
5
8 1 816
1 71 631
51 78 992
3 1 591
77 63 7
17
27 58 284
16 60 936
30 57 443
21 46 179
53 15 190
22 9 990
18 25 196
73 72 119
78 38 209
64 67 557
34 28 277
47 39 584
33 5 784
19 78 357
56 36 163
20 55 707
59 54 343
5
33 65 881
78 25 14
49 53 405
27 4 26
13 61 214
7
49 69 455
9 62 333
16 33 769
26 80 623
30 41 33
47 1 541
29 45 941
17
71 80 466
23 49 123
56 43 601
24 28 528
77 46 103
74 59 55
80 58 245
1 52 865
12 21 258
30 47 495
17 5 749
15 41 517
63 13 377
12 72 499
6 65 525
73 34 332
6 71 116
