100 100 50
17
64 71 697
19 66 996
30 25 482
42 61 93
100 40 387
58 5 192
56 54 927
33 29 424
95 72 540
91 27 408
28 70 856
92 51 946
15 81 518
30 73 862
34 42 799
41 16 13
1 96 629
3
32 78 87
49 51 333
40 21 945
10
20 71 115
16 4 618
93 96 475
52 79 533
86 57 408
98 46 69
50 67 174
49 6 754
66 44 664
1 96 163
15
66 3 838
54 24 212
24 28 574
94 84 472
57 54 19
83 40 787
71 20 876
93 83 642
98 62 664
78 100 310
27 97 355
83 41 414
66 39 99
78 92 720
84 11 682
5
46 16 680
27 40 89
87 85 997
13 8 155
59 44 816
16
44 83 977
45 93 721
67 29 309
70 40 86
83 66 806
64 3 283
8 88 997
73 17 364
85 57 832
76 39 635
44 53 336
80 88 480
20 78 855
81 42 284
90 95 475
51 65 822
15
50 83 956
24 86 676
78 81 56
55 3 25
43 43 579
48 28 74
6 48 332
66 42 466
12 47 458
60 61 37
44 77 213
84 7 776
33 81 347
67 82 780
83 44 535
13
55 86 131
83 37 325
79 90 215
95 6 574
30 39 326
24 63 229
17 60 424
17 31 365
31 98 371
47 56 402
86 28 54
89 83 82
61 96 904
16
46 76 942
26 8 71
32 34 160
68 88 899
10 16 415
61 99 227
89 89 42
60 36 208
74 11 305
66 89 756
96 71 139
19 51 206
49 68 762
53 89 231
57 38 287
14 83 414
13
8 86 766
81 48 532
65 47 773
23 88 759
94 38 431
22 33 921
63 29 42
65 29 858
6 38 957
27 29 994
63 23 470
84 85 35
44 71 497
7
1 58 74
92 64 521
76 52 235
10 4 464
28 32 691
78 5 42
19 39 792
8
85 46 761
92 57 925
1 57 668
97 18 753
52 78 159
27 65 680
86 25 472
55 63 453
10
100 99 62
55 8 857
7 3 957
27 34 337
18 100 799
82 67 719
34 25 729
6 75 353
51 11 669
62 60 904
8
97 5 596
27 36 96
48 48 949
59 70 397
76 89 571
63 44 526
46 26 754
33 66 202
13
92 96 900
18 22 756
60 87 525
22 42 396
78 47 331
29 89 727
15 64 939
13 94 362
20 71 264
16 61 568
48 28 168
98 38 301
36 16 107
10
17 40 314
33 12 377
83 18 549
86 78 461
69 33 999
65 64 798
98 15 717
72 3 106
53 16 256
43 92 94
10
83 54 101
65 57 607
84 62 264
99 31 813
13 79 473
55 15 413
61 32 389
36 93 236
31 40 972
27 87 243
3
25 26 421
72 96 198
36 31 119
18
77 82 108
34 51 359
8 85 882
58 88 224
93 34 13
2 37 572
98 76 20
28 62 184
19 36 882
7 29 869
37 93 883
6 51 214
54 27 753
98 66 748
1 65 482
90 91 357
95 89 935
31 84 344
7
99 38 297
63 87 289
43 83 310
22 69 49
21 11 88
39 80 416
99 25 412
4
55 12 44
45 10 813
49 44 166
93 90 501
14
27 23 61
22 62 483
30 89 875
19 30 532
4 4 814
43 93 749
77 47 205
81 75 342
66 19 389
6 43 239
44 88 981
81 22 16
79 81 803
32 35 568
10
73 13 626
100 63 596
93 52 722
26 99 646
52 53 369
44 87 977
37 13 954
73 11 527
3 61 122
99 66 652
4
98 69 196
43 17 552
13 61 363
96 69 142
5
85 86 894
83 54 433
82 93 607
6 26 406
22 88 250
13
50 95 314
58 84 423
28 69 55
42 82 106
40 99 304
48 61 49
43 22 402
71 3 881
40 91 699
49 59 250
75 90 809
2 40 107
87 81 435
16
78 68 123
37 11 255
15 54 853
54 46 741
46 22 240
72 19 89
4 77 349
13 38 600
3 38 606
82 52 637
83 9 877
30 8 55
20 49 198
35 78 788
82 26 702
91 40 506
8
4 45 613
66 50 327
68 70 764
1 100 338
82 87 915
21 31 941
68 5 978
46 55 602
13
72 62 911
31 98 436
24 10 466
90 99 304
13 78 471
29 34 406
69 54 866
43 17 817
93 80 940
11 54 879
42 95 437
64 30 976
46 89 99
17
59 43 666
56 60 658
9 95 599
15 1 856
78 16 356
81 79 406
2 32 990
23 70 82
23 14 747
83 18 288
99 59 541
85 56 389
77 17 315
98 95 338
31 71 511
58 48 848
45 78 435
9
76 10 436
6 76 673
81 4 548
94 79 389
77 18 717
7 66 46
55 18 482
53 61 63
48 75 261
1
32 10 505
10
33 67 166
76 88 803
36 6 940
27 59 261
7 79 847
50 62 990
95 97 583
98 84 618
40 65 218
77 11 253
5
77 53 414
15 48 310
58 92 346
14 41 123
83 54 511
2
42 58 13
34 42 844
2
49 97 628
88 16 631
9
38 33 825
3 62 825
80 89 116
59 61 759
16 69 327
91 98 257
8 30 592
21 92 197
94 88 173
8
39 27 441
46 56 394
57 74 7
48 99 202
83 52 873
2 47 90
60 75 330
61 94 308
8
66 33 30
53 70 457
59 9 533
88 75 591
84 19 884
19 42 865
21 40 376
4 36 357
4
51 94 633
74 68 793
80 87 331
94 31 796
15
95 40 966
92 25 279
21 100 580
86 91 604
10 55 674
16 39 519
23 22 571
18 79 471
62 98 192
79 40 642
73 96 620
18 4 739
61 32 496
92 60 925
10 40 803
20
58 70 796
93 44 744
70 52 228
75 99 454
14 20 18
62 22 939
100 97 2
11 51 557
34 75 20
76 24 188
58 70 986
45 45 739
49 77 619
21 23 22
24 26 916
95 43 951
86 15 357
86 19 383
74 97 405
49 84 491
1
49 88 189
14
91 47 138
54 83 917
21 58 312
3 3 85
72 74 16
6 25 87
89 33 82
63 65 128
4 10 101
94 31 499
43 87 654
33 70 153
58 3 2
80 64 649
2
8 75 189
32 42 547
15
3 12 426
99 33 951
73 58 75
64 3 957
15 80 107
41 71 934
42 35 854
89 65 626
31 32 508
57 27 849
19 100 860
83 75 614
99 50 97
36 52 727
48 62 816
14
6 11 207
81 42 749
18 50 953
18 8 547
4 25 730
12 78 980
28 48 127
11 89 309
86 5 258
83 95 882
17 91 122
98 33 543
43 96 385
21 66 87
11
33 7 55
63 47 823
95 93 397
17 8 140
63 30 623
29 73 842
14 92 76
2 51 22
44 37 211
70 85 396
96 68 924
17
92 29 179
35 59 901
61 100 288
7 68 244
73 73 60
58 56 693
64 42 670
74 95 113
16 85 761
72 13 352
62 66 416
43 50 201
38 37 336
95 53 293
31 1 990
54 1 745
83 76 269
10
35 68 55
33 58 788
39 34 459
29 90 973
75 70 264
36 81 124
67 58 449
18 24 964
76 76 959
11 36 921
