60 60 20
3
28 26 951
41 35 118
50 34 333
8
46 10 110
14 20 64
7 48 837
5 4 281
50 3 537
21 1 12
47 3 722
7 29 952
11
22 43 550
26 59 563
37 39 426
42 27 621
2 51 332
44 4 933
58 9 797
15 52 21
29 32 949
18 23 877
36 59 465
10
32 11 393
46 29 330
40 32 128
34 35 754
10 26 364
28 26 516
16 20 192
37 46 824
3 13 451
57 56 380
4
54 59 912
35 32 489
9 33 355
23 22 761
3
4 10 179
27 18 944
19 55 88
11
24 3 920
47 40 758
49 12 752
1 55 424
53 24 883
41 59 565
4 6 422
42 35 944
39 35 978
5 12 881
11 47 307
19
23 23 901
14 49 400
16 52 119
32 2 782
22 32 608
8 35 999
17 16 270
40 14 266
8 39 157
59 9 994
18 14 963
41 8 305
17 31 406
5 46 737
38 57 9
37 27 694
3 37 60
25 13 544
12 7 520
8
11 23 294
59 38 865
27 16 243
26 7 904
12 45 952
3 57 607
6 32 986
2 46 591
6
58 34 225
25 40 324
14 6 565
4 20 144
14 55 598
27 34 786
12
25 2 362
33 38 824
12 34 196
45 19 41
39 43 250
29 55 701
35 59 566
38 19 348
20 55 872
16 55 760
48 6 559
32 47 678
4
11 58 427
1 20 796
48 14 633
18 51 261
18
18 29 440
51 6 134
18 29 310
2 27 425
3 24 137
31 48 684
3 34 332
19 58 861
52 12 204
44 37 2
3 33 832
21 6 773
40 39 551
5 29 831
47 21 349
44 33 131
36 54 826
1 27 49
6
7 60 230
15 9 462
38 48 736
53 22 407
38 32 162
26 15 896
14
33 18 949
56 44 3
15 31 977
19 57 698
9 7 922
30 59 877
8 19 738
36 52 593
48 19 443
3 58 529
19 9 87
24 58 427
60 14 781
47 33 575
7
46 32 225
7 43 769
50 31 74
58 52 944
18 5 637
8 1 788
22 22 520
14
13 39 168
2 25 941
28 33 530
33 43 251
28 12 208
17 18 92
5 23 342
16 33 519
1 48 596
11 13 340
52 20 16
53 4 821
60 13 844
43 27 77
19
36 51 379
25 53 565
44 12 488
56 53 133
27 45 643
58 38 327
41 8 686
27 56 424
19 33 20
49 32 928
54 44 364
45 16 272
1 7 559
28 42 679
59 34 635
22 60 4
36 16 466
18 27 216
20 10 38
7
39 36 552
32 28 725
52 6 734
22 20 626
11 57 95
42 58 342
9 27 36
2
50 31 377
59 46 465
