100 100 50
11
10 29 952
33 20 571
7 76 937
16 76 273
81 62 59
49 50 989
17 51 835
96 49 617
26 41 969
46 60 954
100 73 797
9
100 86 27
100 76 53
23 88 278
30 36 582
26 53 533
9 78 887
18 59 938
78 29 837
49 41 310
8
63 26 400
97 20 507
67 49 418
8 99 519
80 20 13
74 97 858
58 6 459
25 10 758
17
79 60 988
15 100 436
99 29 1000
91 39 562
73 76 630
93 5 901
12 72 704
35 84 396
79 40 553
82 81 614
95 99 126
72 74 30
23 42 48
78 84 479
44 58 317
37 70 274
100 57 141
11
87 100 686
20 8 563
94 76 470
67 2 712
64 80 627
2 43 985
58 4 344
30 56 279
26 57 783
1 65 959
67 15 174
11
90 31 543
32 12 953
92 30 317
55 38 148
12 7 855
72 42 783
96 51 87
45 28 849
80 82 471
18 11 233
94 100 468
17
15 89 234
65 80 136
32 23 426
27 62 711
30 13 18
68 71 173
22 21 419
53 76 538
78 10 169
43 28 284
49 94 171
88 55 188
37 86 726
34 87 91
57 55 908
95 39 698
95 32 255
19
47 34 174
46 59 472
99 1 629
91 8 186
75 99 137
28 36 330
4 77 120
93 18 457
40 34 672
21 91 369
42 91 354
26 57 17
77 63 673
100 68 415
67 97 528
27 56 486
2 62 231
37 7 301
6 49 953
20
2 29 499
73 81 158
35 16 446
48 6 875
94 84 825
47 32 143
10 16 531
57 18 292
56 83 350
58 80 723
69 18 308
7 9 312
32 96 334
65 52 232
62 26 752
88 2 873
85 18 947
86 26 720
61 70 84
100 47 704
14
72 73 213
16 86 253
59 58 192
100 73 610
44 100 174
3 57 130
50 20 198
76 69 576
91 33 135
55 80 201
77 78 926
89 48 111
61 22 362
61 78 785
16
6 69 316
68 42 819
9 16 380
85 3 605
2 65 268
44 19 443
7 57 700
39 12 81
24 16 755
40 88 930
94 40 411
38 12 576
15 90 235
89 88 746
5 62 525
22 22 554
6
81 76 75
11 84 572
84 51 544
25 93 906
95 58 164
28 38 303
14
36 99 695
77 45 770
53 32 671
24 26 820
71 57 560
54 43 391
79 42 804
82 23 545
23 7 584
19 38 386
73 39 198
61 80 486
67 91 722
77 93 766
10
32 85 230
91 63 607
62 71 38
65 4 714
21 17 120
70 33 606
21 16 3
37 6 669
93 58 416
10 22 13
13
67 96 802
92 71 918
94 11 432
2 3 46
37 96 866
51 71 45
35 25 331
33 88 798
11 44 156
18 74 164
53 56 962
48 70 981
54 76 44
19
91 29 807
82 83 654
73 5 789
75 86 641
73 59 923
82 65 91
36 21 132
37 85 200
81 73 895
4 50 357
28 1 194
50 63 903
13 92 154
98 29 68
6 12 518
55 79 361
76 64 367
18 69 219
74 18 650
11
85 89 534
12 77 375
32 38 777
99 41 626
80 26 198
17 74 51
46 100 884
53 67 183
38 59 113
16 34 465
62 29 460
12
39 66 376
3 27 726
31 16 553
98 28 155
14 24 831
59 79 10
97 28 843
7 46 430
63 97 852
14 50 229
52 62 195
83 55 16
5
61 91 577
12 80 253
92 89 129
57 28 899
41 81 837
5
97 43 513
46 63 550
52 47 965
38 13 635
23 40 335
5
64 90 45
55 29 468
70 48 601
92 6 701
66 74 778
17
66 60 56
34 87 868
11 15 976
59 39 302
8 2 508
25 60 479
64 38 763
60 79 960
27 34 428
16 57 727
25 5 509
87 48 473
33 15 151
74 24 114
57 12 816
63 51 884
59 85 807
14
67 49 686
88 12 885
77 63 281
22 81 947
56 51 749
6 14 334
49 23 135
7 77 419
72 61 844
26 10 877
32 34 581
7 55 17
47 6 357
86 90 757
2
83 94 899
13 20 744
17
86 65 942
90 23 289
60 67 227
97 64 542
94 64 910
49 19 794
34 62 676
73 60 549
5 9 561
34 76 890
19 57 168
60 93 266
87 100 868
66 12 229
26 14 575
33 18 572
74 35 25
4
51 98 72
86 63 759
50 85 713
34 98 995
17
26 80 52
49 31 41
10 74 311
73 48 287
63 42 979
63 20 994
75 93 784
81 9 162
56 4 301
20 95 926
22 15 375
16 16 700
70 57 349
61 42 511
47 63 172
71 58 18
51 34 59
10
11 46 720
1 88 297
46 83 845
8 20 302
43 24 965
4 22 243
81 14 849
28 55 426
32 69 892
19 68 241
20
72 58 195
18 50 695
22 89 729
14 70 994
39 16 748
48 53 324
55 43 73
84 43 65
62 67 591
25 93 878
6 19 176
37 60 811
99 64 75
3 42 652
63 18 438
69 51 570
82 31 585
69 70 775
69 74 382
12 3 565
10
54 97 487
47 85 474
64 61 989
17 6 847
26 29 698
78 7 388
58 90 875
94 85 502
51 19 686
98 26 370
12
40 25 369
23 48 978
29 31 201
30 35 191
88 17 835
81 26 381
39 87 461
47 2 936
89 97 888
3 63 555
95 82 998
18 9 775
15
38 29 794
21 43 751
68 28 860
41 100 216
63 45 960
67 13 264
58 45 673
71 51 308
44 82 945
55 83 979
89 52 84
46 68 367
28 4 221
75 93 882
44 73 909
12
84 11 859
76 77 606
3 53 896
84 21 883
12 65 906
50 69 178
83 48 54
63 3 314
78 43 337
42 39 491
88 8 447
28 24 822
17
58 29 908
55 70 46
22 84 681
75 20 958
37 59 640
25 64 454
50 32 812
39 90 394
45 21 62
27 100 764
79 79 995
42 79 79
87 5 405
72 49 712
72 72 698
92 52 766
60 45 38
17
33 95 554
40 36 942
75 30 763
6 40 483
75 69 693
74 69 690
73 95 293
50 32 825
98 13 252
75 53 345
34 87 960
74 38 321
60 90 163
2 29 57
14 13 122
99 64 794
62 9 324
5
36 63 351
44 8 740
39 54 600
64 40 216
49 30 777
9
35 60 99
34 64 148
16 25 48
77 60 455
90 100 223
49 71 580
15 79 513
87 25 427
58 44 454
13
10 10 261
88 32 497
57 35 79
1 34 665
23 28 280
86 67 582
84 91 743
40 19 631
5 100 195
45 47 149
63 62 433
1 78 168
27 89 153
7
38 61 55
96 90 27
84 83 326
69 3 531
48 41 286
87 20 917
66 43 323
7
28 26 723
40 74 883
46 5 295
41 26 995
57 73 56
69 49 134
73 88 629
16
39 19 568
95 100 563
24 7 484
72 17 170
8 20 532
45 53 923
35 53 862
94 60 606
18 94 670
6 12 39
18 29 931
43 6 579
19 93 707
10 5 942
25 69 55
32 29 800
5
30 61 647
86 35 528
59 90 840
10 61 122
99 11 668
4
20 3 769
13 51 220
68 25 618
80 51 342
8
35 13 566
40 83 724
20 11 367
7 62 709
6 18 369
8 85 771
78 23 15
62 22 103
2
50 22 725
93 78 515
4
28 83 958
68 93 846
38 6 321
94 39 420
8
51 21 590
23 18 911
65 83 34
41 83 970
25 3 541
87 23 375
58 2 318
34 85 883
15
55 47 924
58 24 444
39 6 381
88 60 867
100 63 247
55 97 262
55 19 767
18 35 341
96 72 182
42 55 168
77 73 54
59 84 631
63 17 22
47 16 450
61 64 101
10
69 78 82
21 60 334
83 67 114
79 79 691
48 70 287
44 91 835
88 93 845
33 93 828
52 39 927
69 77 460
8
19 16 758
50 64 567
44 82 152
88 22 554
21 1 727
60 18 42
57 96 853
18 71 913
