10000 50
592 181 30
239 122 78
376 363 46
10 167 59
458 155 89
725 49 49
478 328 9
779 247 43
592 257 73
225 30 76
837 308 98
387 302 47
676 204 74
779 112 16
279 130 62
654 282 18
173 92 97
886 136 49
134 363 18
296 86 56
887 23 95
155 378 10
280 144 1
409 378 85
965 86 75
832 212 75
513 197 29
194 253 35
988 70 43
632 125 57
651 244 8
330 91 84
844 262 56
689 197 92
827 197 38
411 71 12
357 393 9
350 23 31
513 253 16
245 135 14
565 309 9
786 71 21
553 243 38
52 97 95
603 170 58
265 278 86
856 288 36
811 397 1
14 349 8
811 374 19
