20000 100
278 367 51
528 166 48
683 336 38
393 390 52
226 187 57
720 284 85
685 274 26
789 118 1
973 12 35
142 57 47
840 377 25
211 234 58
738 332 20
809 279 92
993 345 81
447 276 24
845 183 13
196 284 41
122 110 73
296 351 98
272 30 64
69 168 25
50 119 17
61 161 40
732 3 90
523 317 62
130 384 89
484 198 56
709 57 32
870 62 32
736 397 81
989 15 80
552 74 22
138 320 49
125 8 25
710 175 90
331 97 55
984 191 48
193 82 2
216 386 58
798 270 11
627 182 73
399 162 73
485 197 16
656 333 5
101 36 92
806 399 22
952 388 64
56 213 75
235 56 69
895 386 7
279 347 51
819 125 46
805 211 12
186 21 45
572 166 12
714 268 33
453 366 55
336 366 50
886 303 81
987 328 40
475 153 12
557 196 62
655 20 72
794 163 96
40 141 40
609 265 28
571 97 21
718 374 79
846 273 7
415 27 62
466 199 97
254 315 4
723 163 69
857 397 21
687 332 74
623 19 98
684 47 55
636 112 63
458 150 17
866 195 95
715 376 25
865 305 92
998 123 59
833 196 24
364 202 4
748 248 16
523 382 45
814 184 92
755 186 91
542 289 6
750 164 85
511 17 74
163 78 33
331 373 42
204 351 86
874 366 50
383 298 41
161 224 10
389 379 40
