40000 100
665 364 91
267 242 97
397 385 48
946 152 19
751 331 46
36 236 5
537 103 74
28 209 65
231 281 72
255 178 97
1000 229 61
655 16 15
801 298 36
482 130 77
730 164 85
892 352 24
266 281 55
565 24 89
384 89 80
53 218 10
80 128 90
56 235 82
771 218 38
597 13 54
436 307 86
745 177 86
412 31 84
608 52 96
214 345 10
724 68 58
942 31 87
433 375 51
150 255 1
988 183 57
553 43 92
767 349 30
397 282 60
511 180 92
785 378 19
736 374 65
721 372 16
553 285 76
583 167 42
388 186 18
167 195 44
875 91 87
456 105 26
24 274 25
788 214 81
400 54 95
273 16 33
993 67 55
597 50 5
516 397 85
648 199 34
21 256 36
443 366 74
174 34 45
946 43 28
362 379 72
826 318 59
975 266 59
712 174 57
404 275 96
167 1 66
699 163 5
527 251 65
935 280 90
670 8 56
185 250 60
242 116 49
625 236 84
587 287 42
899 287 3
419 283 76
212 313 1
609 58 48
251 382 80
298 124 20
98 326 96
258 68 81
604 217 74
45 209 6
438 204 14
492 281 54
520 380 91
235 228 3
838 152 7
476 71 46
786 277 1
211 227 1
286 364 75
780 213 31
797 346 84
285 392 69
144 38 76
900 326 86
311 131 41
370 375 30
71 168 57
