40000 100
118 361 84
750 56 93
473 108 48
937 92 71
991 115 13
463 63 48
625 4 7
510 337 9
554 308 35
177 135 27
73 244 64
311 353 96
28 298 80
620 291 16
865 212 62
927 29 18
10 78 53
486 336 53
279 149 66
544 154 47
577 336 71
621 355 91
126 129 63
295 2 27
473 327 46
767 225 62
351 250 40
570 216 95
289 332 91
496 389 97
831 310 80
877 55 72
287 278 39
937 287 72
168 168 50
336 321 26
874 361 95
594 195 43
719 10 86
517 56 64
174 239 13
57 65 85
132 315 62
685 386 67
938 64 33
241 351 22
442 83 50
98 336 13
21 158 34
10 36 9
492 258 4
977 127 62
923 100 22
903 186 61
593 216 56
471 23 53
611 78 19
324 62 12
558 320 31
958 121 6
931 395 99
140 337 92
59 149 9
58 154 93
205 293 34
578 60 1
556 17 70
953 89 66
482 163 19
125 132 91
887 175 64
875 384 71
58 125 4
802 213 12
281 74 85
307 99 24
530 103 68
241 325 55
169 42 92
632 231 60
214 384 32
581 80 19
885 232 44
485 195 16
880 192 14
229 79 80
865 79 7
662 109 34
77 245 57
591 67 30
595 19 20
208 229 96
486 21 41
405 222 21
274 288 14
753 350 85
316 236 91
254 138 82
439 88 49
608 357 57
