40000 100
286 297 67
825 397 13
661 131 16
740 307 36
389 157 61
357 1 11
814 378 93
166 214 71
519 277 91
541 112 95
571 199 93
286 30 64
581 390 91
396 305 90
920 375 91
22 118 57
610 301 54
550 99 50
268 103 42
968 317 76
163 332 46
797 306 66
228 63 45
709 143 18
335 260 65
371 61 59
490 112 76
487 133 44
305 51 36
525 273 35
913 137 85
437 391 67
422 52 72
482 299 54
144 274 75
445 314 51
590 228 1
183 321 75
668 240 41
485 201 80
476 112 84
552 102 33
835 345 78
643 179 57
884 98 98
647 271 69
743 78 96
927 333 75
189 86 89
832 41 43
520 193 44
180 121 62
541 394 63
783 289 52
668 45 87
592 362 26
609 323 10
162 134 11
947 73 33
959 232 38
229 232 22
276 373 14
812 82 48
569 104 5
12 264 28
400 365 81
993 316 87
107 167 25
177 382 86
723 305 43
335 234 38
879 23 47
410 297 85
140 127 55
298 68 17
441 193 43
809 28 82
831 200 33
404 25 60
986 276 31
431 79 34
451 66 27
905 93 30
841 277 16
373 372 31
96 70 76
246 105 94
53 374 93
181 182 47
349 149 35
104 319 63
215 54 39
871 384 69
35 157 47
416 76 8
942 75 100
1000 389 95
916 45 72
681 106 91
72 262 80
