50 100
466483476
660799995
35238038
405411481
12431378
316917153
673485748
867591945
952661205
765663898
296382997
754624983
233344705
241609501
949064176
861970380
201397173
550884567
294487595
583894841
670076264
543351054
277138767
327574233
17506058
839738001
806123277
45972674
759900330
202648602
460629947
969459801
32267162
687769940
563989204
524858496
652759323
739195334
188814506
779171151
745423227
671040915
982512766
464445028
159848610
580350972
461576818
9107505
550576389
709325462
86
