100 500
18895363
937556815
134665931
468200394
655954896
816362373
232979172
480345082
249263708
545172228
427636251
767061098
132079491
52589318
356916549
656964103
435904059
718671266
692188183
599234732
427311216
255672411
285744494
502130892
51231820
262029428
680003207
993851752
896478804
920246366
650079767
251999052
543927473
620425421
328196278
856846937
305383118
393752451
610360599
253186771
173957491
847630424
300856925
267372123
518629324
919533240
64692910
716306150
570992971
802397919
465398130
56658158
842445985
790059648
785242624
44758403
154835502
729744923
278816511
736008219
277540541
902109668
492678935
986299595
267766840
889208858
271598349
166187837
387761191
286554254
814681861
895807925
124658574
622679073
423623679
945286515
821085374
339365388
306217948
327317891
689878171
745044174
682190572
805201481
323730960
104788553
992254087
453076125
223233498
699196429
339515973
931164364
836076140
665702479
929178822
394275661
317292045
251859815
385733784
739949012
264
