100 1000
612542877
538120116
821316414
701215904
946751126
868050011
808785170
172823572
27079235
985785599
86031714
21070336
813026855
631002846
280756816
671197113
31057099
544969175
637067505
215549314
795191717
546039375
629710659
542117095
525030431
373147494
106177293
68726992
416867243
906589270
216834633
283885223
885044246
354462074
916089740
416380278
172278697
118401207
389380101
375514317
454482175
154081202
458336229
179037089
589459518
92449070
966901076
212406149
973589526
705280281
864690495
408169875
145373391
714925821
214266766
536930529
728054321
592207962
956127615
965482061
483384049
759477397
840341922
253748066
621881258
183328150
341001730
724397703
234525095
775883522
540935961
972318863
979540808
300241553
431000852
645702355
892160450
90627922
530760693
36741238
215406326
377587310
136072527
611452023
594679927
776002859
237267109
174023391
11000646
328510546
830949193
772810882
116429306
242250906
53786250
15302438
739728523
950412141
527411620
534432190
601
