100 1000
309636677
767566018
983163006
290416070
873464634
941735556
527062047
497064535
996037938
629504556
705177316
66493067
264861093
136142862
117655050
682133655
629174084
668888181
337593421
54334519
168032407
148572636
968634535
476320855
465923372
695185310
532789712
737032074
625274989
1053402
314481304
102484639
671703042
909102278
306749952
261178828
311268664
482976429
621929283
69586673
924837290
748059836
145572778
370561159
465812116
454101857
413215043
102546636
387681009
272610274
692100676
440113598
37698663
462293735
413695699
748043895
979239812
676937037
384210247
817879957
318968744
336729603
746508057
189064692
871289559
579597906
512362259
331254869
139960116
603189988
622363062
419489715
560165029
875445843
639149434
296859237
135356777
879928909
708780444
412260843
46144154
867099321
627400078
599549899
546600534
276177787
363899560
864427158
961410428
167367373
558024235
904004708
854885806
255564625
232096936
930154312
26176852
612948415
646336126
995016845
420
