100 1000
310861803
409173793
118255189
393230327
88064235
750753464
23004056
615425293
713291272
257600016
977778220
39559792
806847365
297520824
683477792
860904171
591884386
87464284
377304013
916750376
168529470
366865485
700445975
851186035
311801339
907086629
506931443
943881270
575979316
908063165
268781072
77470609
646130367
938986235
259018866
247795604
535418753
769761951
272770534
534846836
865823561
68195245
157058742
947781755
765329003
148555697
619942224
572841307
587568914
48262416
640048675
114010471
85601881
50829028
95426417
871231600
133076400
115720046
58521239
477198750
835780795
664011156
512717654
664406380
288495045
290294028
207399484
224111834
735473706
917733876
215174322
918516648
273424641
491355245
991285061
65859201
145546673
921108468
608808325
840900900
616418384
956932663
882746773
832042293
212466922
809893452
389321593
165169832
182414813
560328429
483359615
605412988
687581989
642733366
94763268
435986701
944078570
119776756
845645436
64539143
66
