80 800
172822318
844180004
439645355
430647862
12045150
499913299
509990553
429700142
644739662
213479547
473241607
658956351
662649450
854495022
275252232
17086020
939091288
17116925
939565558
947009521
691441115
320805103
999839985
822578924
915289665
264553583
80165042
479957290
962699539
485343365
677784621
789745136
667173375
602707798
841644518
446615792
150185542
255123096
399907074
348820315
639667610
133797791
764798623
148212020
102941505
753228320
279105113
824681353
343548123
226408014
607948969
308803136
375826292
887896246
400992189
910778747
361217894
725280206
820209322
203425440
126582227
330867644
230830223
489129528
450208589
111018138
954350125
308877230
932247446
539180311
462535311
219896192
142195714
232021210
408483003
396992679
278217394
399667050
338592432
576941173
777
