100 1000
420918834
956114838
523457010
723512236
947241825
357790377
456484817
419965560
210126882
393019303
987148461
649212200
690693597
777911842
929141860
49531870
130895048
130126979
196290070
759456677
832930374
647314839
759933363
124368645
728247069
788783347
360534851
200377438
341984595
532674029
498677112
332391866
844735779
350024111
166632399
837542876
370677979
830012696
278691821
983269543
52447604
476665140
487745644
249919679
367585190
647208617
604798874
46859466
499024698
41738824
910642122
490130444
452200364
259763607
880018588
992827461
94839423
11814884
297678982
3448305
71385258
783515448
465212165
46582287
128276287
488515432
32715244
396372127
671427319
183033645
134712441
583198279
126265640
855751880
387561861
908773850
965631495
125130348
443727130
900853094
673103749
836233704
67114892
549338927
854900932
647160920
165001280
601711030
651392302
994999179
498320348
61231160
731863522
64411676
995586398
285110611
716752340
626703322
537196617
119601426
985
