60 300
695193888
852735141
23435269
245211850
949125691
405833449
432489874
304407189
602935650
253250254
15895824
617548470
478564542
3065786
399552216
202039601
734510898
604689921
199253398
795248457
94569535
348744726
332692681
629883671
842298081
215507432
593707714
735458249
582738433
512208135
320317403
91306664
247632184
240864916
515571114
342898686
460806794
390814252
645288659
47209519
338009060
192309909
11566311
766966100
44005948
912770249
210379038
233890419
486382095
377645730
278494653
302000395
212666754
449105273
867359996
880931750
249691052
585582434
373744299
23041014
193
