100 1000
851147919
826762541
227207432
785162315
466563509
800734458
197315455
661394909
625699219
341146822
259326883
634503342
935117994
209120586
854720893
540269212
565904221
749434523
716267929
404422756
74215199
566490282
577257552
158537406
719966877
111803214
229007873
776542516
723287290
335218546
229650388
875269306
542605589
726926664
236048389
630756355
72434783
260869811
353297006
555520953
408541098
732104510
426077022
133616756
406645009
811439538
803123715
810129053
558305580
365443067
396998525
240400920
742402416
891660747
461388400
202596646
546687822
952417657
643634235
868336758
186586132
262135015
727679337
139782137
970601390
459698678
55217755
864380912
495677166
285999925
502563049
122223110
814626870
766359474
963394997
209149846
146539902
241286410
586087865
301517208
922379649
973302250
952025290
8636535
422282225
662434942
514629396
262364771
934682392
665731255
224659546
884164037
106230766
771322901
368540194
989258700
456168492
321521573
75145360
923338118
206
