5000 50
619 59235
1129 85775
1083 31734
208 88968
874 39235
1299 20981
1590 63033
1607 53246
695 58927
532 46857
899 33159
656 15952
1283 22402
1969 28968
554 27229
154 38010
244 35793
828 43159
936 42073
467 33144
224 5529
622 94584
1655 75731
23 50898
951 905
1143 55838
780 40579
990 18378
1033 19142
319 92666
1053 8627
1987 32581
412 17595
197 35309
442 18528
816 91044
404 49789
1898 53094
905 3337
1865 92454
1498 83703
1332 67752
633 53720
682 64642
545 46274
43 69357
1983 62800
495 72410
1854 34735
1013 6831
