10000 100
315 43797
319 8928
522 99977
407 62000
650 37383
420 90576
1453 92977
90 57767
458 60286
509 21775
782 58250
316 64
873 18551
1327 57694
279 13246
1900 45796
1964 47585
832 81844
1227 81582
243 22825
1894 62915
760 29864
616 86036
38 59656
216 18969
614 63460
1884 39562
92 70126
1871 31694
1353 6755
1787 58432
1122 69350
243 75132
513 93914
1558 73104
192 24783
1304 99518
208 95121
570 51817
1794 568
1336 90570
1964 34476
1538 98206
402 85004
1907 90728
934 80797
1062 79802
700 15752
1739 84553
1604 84524
1243 30903
229 55220
1068 16409
257 13209
626 56155
1440 68410
589 87348
617 54819
946 55632
1418 88879
1478 23753
1070 14575
441 50577
587 50104
1765 8317
164 11310
1638 56311
1889 84485
1350 83353
1678 42685
1294 50737
901 59087
171 47519
711 27969
360 318
1906 11075
152 62148
1679 91673
1390 74528
1321 42732
355 75416
1466 9228
332 14699
1893 62437
1902 74141
208 52466
1291 47605
1838 78217
1653 21860
512 90318
623 53619
1132 29213
1027 85631
1461 99051
767 79438
648 95211
920 90115
591 98674
1812 66353
1872 66776
