10000 100
534 25011
1050 32329
1009 47449
1200 38471
1959 68175
1201 78292
792 9594
1081 66866
555 31084
835 25015
816 70724
1252 5202
594 70177
423 86456
1137 53395
116 60900
197 8923
688 66739
145 32814
1452 13762
587 51576
827 1340
1268 73198
883 74981
302 76560
1236 19614
78 2359
400 14549
497 78848
1004 49775
1315 21578
957 28425
1023 53224
1294 1643
1254 43168
316 72656
360 23034
1969 1193
313 68788
417 77158
841 15442
1836 37442
1288 37592
643 96354
1263 77813
1902 8112
1178 59629
787 71686
986 12645
291 63509
294 55397
362 65340
1716 67087
512 42649
75 45186
1131 57500
1649 62082
334 5263
1806 81042
335 50509
1156 42926
1497 59638
1852 47153
1528 3851
1370 28081
827 69450
250 61363
1853 74202
342 37952
869 8631
37 44244
244 98173
1264 57076
1801 99442
1085 65531
1289 58451
1639 12288
1663 36823
1097 74387
402 90988
737 1133
218 60950
236 97690
1257 6078
1804 93694
892 19564
192 36353
575 84508
13 47389
991 35629
943 48520
463 74454
1889 85662
827 89255
907 26167
204 45748
858 59801
1811 59029
1259 76742
777 44638
