10000 100
113 49566
1422 7948
1083 41185
445 19131
1527 45556
1679 35713
160 65358
1090 84939
1815 55507
155 18744
1623 19516
552 73659
1832 97159
196 77366
1307 30696
1038 40406
576 17051
98 4068
377 57838
1260 22949
1031 77609
461 96590
1495 85410
1233 61466
1678 51049
1144 95588
938 88020
1821 81272
1179 84782
278 53791
446 91559
787 17247
438 60092
1226 67645
280 60904
301 17115
1198 588
1636 64127
345 7797
115 23844
11 4432
1128 24758
374 19387
501 80498
1235 76398
1360 76137
451 75418
1193 73680
204 19252
1435 48053
1485 78727
659 70169
380 86298
1967 18012
921 59880
1447 63926
1411 63272
1571 94735
1576 31135
326 3247
595 78074
211 66287
910 88047
1834 52516
1694 4652
590 95154
1952 94627
824 26385
1320 22913
379 76230
1134 7006
824 44675
505 90361
476 63236
1312 48296
1722 50788
1740 41095
1986 94956
1969 96347
1026 93522
692 7762
1230 21007
724 63393
1755 56780
1869 54677
420 50656
1659 32840
1614 83362
1475 81188
1067 63201
1973 30055
1695 35531
1374 67777
1860 76967
1316 97526
979 59039
1570 86481
1750 99505
1484 92338
853 23397
