8000 80
651 28777
1084 11849
787 50056
1230 92507
1474 75766
1359 81679
1017 71361
1089 65144
1983 65048
1929 64543
8 33004
706 67593
129 39786
295 97280
319 70890
1249 37028
512 86060
1829 55864
1696 90327
796 87293
370 22984
1486 51786
1078 60852
447 73594
439 78809
530 21314
588 27820
1200 28131
667 48262
1166 45047
1191 78326
1087 17940
425 35789
831 5009
1687 5500
1114 99560
667 63260
499 75086
702 23136
900 76156
486 15279
1985 61560
256 70466
842 99131
16 90296
727 26219
1267 80847
1034 51510
317 46706
423 69506
661 46800
902 34944
1755 19430
762 57586
532 76451
20 25496
1573 45973
615 69254
1892 75069
346 39689
1116 9151
773 69536
1492 67415
45 75827
836 9930
1118 51666
741 79253
1806 72403
892 81730
1132 33413
1362 2250
73 49139
1744 70263
1081 89593
117 66368
516 83101
1807 53277
665 97726
529 99416
301 94772
