10000 100
1614 32409
1352 72875
536 94774
906 71714
866 69133
944 22989
339 68183
610 15882
1227 37145
973 36822
748 91277
1886 93413
1508 44110
140 91974
998 5938
297 58647
840 67976
920 80449
1332 8542
393 90293
839 19134
1194 84902
1908 14396
1497 87144
916 53576
1233 60364
84 43720
1591 58241
938 42403
529 29158
1001 70501
66 47510
819 86096
1422 50996
1201 32405
990 35237
1230 8304
377 21473
694 55528
687 68716
1928 45747
1725 67602
248 6078
1427 84117
1162 52022
623 51438
1424 78876
1971 74521
1627 53746
1696 58524
1747 62119
1545 3843
1465 80221
1406 85727
748 34927
1903 82414
1061 54229
1305 14216
794 7141
1294 43757
160 23678
669 49996
284 89159
1621 2639
333 8722
542 84509
1398 70871
1712 12639
707 91685
887 61954
1943 46181
848 21765
517 69042
1420 88732
1618 25237
1332 11337
1724 74169
690 28978
1114 2541
1105 50533
1445 18780
1261 25744
1792 56855
1095 38920
52 352
1451 26337
1528 5503
619 18343
1573 38847
347 27444
37 58664
1201 16245
87 3624
1933 21890
1115 50745
1902 22286
324 41551
932 92832
1433 38213
1084 63906
