1000 100
36 727 2
58 636 2
66 171 1
37 557 2
40 205 1
38 256 2
40 618 2
93 339 2
92 983 1
64 378 2
27 917 2
14 903 1
66 828 3 39
56 840 2
2 384 1
89 575 2
96 604 2
20 621 2
21 844 2
15 536 1
55 66 1
50 576 2
38 243 3 65
37 925 1
14 55 3 8
59 735 1
20 479 3 80
59 614 1
10 454 3 72
88 443 1
50 188 1
59 978 1
60 669 1
5 873 1
75 12 3 60
9 363 2
15 89 1
69 807 1
28 937 3 82
18 77 1
97 581 2
93 166 3 93
39 123 3 12
85 44 1
2 194 3 93
17 265 1
39 16 2
7 276 2
33 915 1
83 21 1
71 522 2
60 846 1
75 940 2
16 85 2
3 138 1
67 106 2
58 467 2
89 887 3 39
47 329 3 32
54 522 3 9
100 839 3 17
30 832 2
40 678 1
35 571 2
24 383 2
40 824 1
99 532 1
79 583 3 70
83 127 3 90
85 685 1
64 366 3 64
22 493 3 44
2 578 3 79
49 67 3 91
47 511 1
24 627 3 69
64 14 3 38
5 813 1
79 590 2
16 458 1
93 800 3 7
17 614 1
13 62 2
1 881 3 3
72 651 1
62 888 2
80 655 2
23 499 2
32 66 1
100 694 2
80 129 1
89 595 1
41 530 1
98 278 1
95 489 1
2 223 3 46
88 792 3 14
30 737 3 66
55 664 2
28 266 3 47
