1000 100
48 295 2
37 144 2
47 5 1
69 622 3 8
98 723 1
67 396 3 19
5 742 1
51 130 1
99 947 1
68 277 1
78 927 3 55
65 659 2
41 128 3 70
80 772 1
22 202 2
100 212 3 61
53 224 1
76 754 3 95
26 345 1
59 15 1
13 683 1
90 325 1
32 860 3 53
4 436 3 33
12 602 3 32
31 841 3 83
32 533 2
56 700 2
1 440 3 6
13 237 3 52
43 671 1
21 118 1
65 784 3 38
94 637 3 23
28 246 2
19 373 3 13
78 229 3 98
6 407 1
95 606 1
69 210 2
69 713 3 42
11 605 3 65
48 675 1
44 203 3 41
38 205 2
37 603 3 32
42 163 1
93 425 3 85
83 547 3 28
7 276 1
34 732 2
88 959 3 28
21 394 3 55
2 876 1
26 569 2
88 868 1
88 132 2
42 369 1
21 362 2
35 953 1
48 491 2
93 992 3 3
13 275 2
28 960 2
100 760 3 66
32 405 1
82 323 1
31 693 2
18 270 1
70 198 3 82
36 913 3 64
98 910 1
99 842 3 2
31 38 2
94 660 3 35
23 646 2
59 71 1
30 271 1
59 988 3 65
45 867 1
99 512 3 96
5 468 3 10
65 338 2
92 500 2
49 302 3 60
55 174 1
20 601 1
10 968 2
23 686 1
70 468 2
34 387 2
45 421 1
36 781 2
9 275 1
40 421 2
49 614 1
11 398 3 64
92 882 3 52
15 153 3 17
75 826 3 80
