1000 100
14 236 2
37 126 1
66 770 3 84
89 248 1
33 154 3 60
21 108 1
21 495 1
52 369 1
46 690 3 14
70 229 3 37
19 369 1
43 302 2
33 471 3 66
85 549 2
51 89 3 95
1 325 1
23 201 3 48
34 612 1
93 80 3 16
78 53 2
2 726 1
94 904 3 98
79 836 3 22
5 243 2
33 871 2
38 759 2
13 243 2
49 515 3 73
73 304 2
83 265 2
97 451 1
57 298 2
87 630 1
58 432 2
24 127 3 54
19 161 1
46 555 1
50 536 2
22 749 1
22 175 2
14 545 2
20 2 2
36 288 1
46 514 2
4 208 2
76 736 2
72 988 2
71 804 3 75
94 907 1
43 508 2
80 580 1
46 173 1
43 526 1
55 225 1
20 74 2
44 221 1
6 823 3 32
27 800 2
22 374 1
79 704 3 20
16 985 2
34 930 3 23
10 229 2
79 221 1
40 162 1
96 256 2
78 391 3 10
30 780 1
62 341 2
84 612 3 5
48 915 3 90
8 528 2
70 827 3 70
60 18 3 66
52 227 3 44
6 144 3 88
19 438 1
48 619 1
24 23 2
29 203 3 51
41 78 2
97 32 3 90
69 798 2
80 455 2
93 794 1
98 967 3 17
40 658 1
54 778 3 61
74 183 2
87 271 1
85 547 1
86 131 2
65 215 3 8
9 44 3 26
39 521 1
51 659 2
40 818 1
75 114 1
16 934 1
39 519 3 37
