800 80
87 469 1
86 722 2
33 93 3 77
22 267 3 22
78 171 2
32 793 3 68
85 266 3 86
58 59 3 67
65 757 1
98 549 2
71 681 3 95
32 949 2
66 893 2
2 422 3 23
97 477 2
62 765 2
80 379 3 100
49 272 3 62
44 475 1
29 766 1
81 855 3 82
51 411 1
49 541 2
76 784 3 56
42 399 1
93 537 1
75 281 2
56 35 2
68 269 1
30 403 3 94
78 828 1
18 881 2
77 818 2
31 680 1
57 271 1
73 444 1
93 439 3 85
72 780 1
59 855 3 51
86 803 3 93
98 333 1
38 261 2
73 708 1
75 537 3 31
23 310 2
55 104 1
15 992 1
86 449 3 21
32 404 3 70
75 729 2
66 243 2
52 951 1
24 303 3 56
93 118 2
87 736 3 20
47 991 3 98
8 898 3 61
34 55 2
25 999 2
39 959 3 49
99 36 3 64
66 108 3 45
74 963 3 89
4 752 1
64 121 3 36
16 716 1
23 945 1
51 428 3 61
28 964 1
84 626 3 53
79 385 1
75 261 1
44 57 1
16 683 1
20 270 2
19 768 2
2 923 3 60
4 781 2
61 44 2
28 468 1
