1000 100
93 467 1
57 205 3 86
21 579 3 100
34 207 3 54
22 447 1
26 403 3 78
73 245 3 42
65 86 3 77
79 586 3 54
26 277 1
61 727 1
95 4 1
84 922 1
99 164 2
52 17 1
38 637 2
18 161 2
47 550 2
43 493 1
51 859 3 70
30 627 3 56
21 802 1
51 629 1
77 37 3 2
60 906 1
96 42 2
81 392 2
8 56 1
17 347 2
76 91 2
47 218 2
55 612 3 97
85 9 2
79 109 1
4 509 3 16
63 514 2
6 44 2
15 863 1
44 995 1
85 569 1
32 987 3 93
80 43 2
75 490 1
21 123 1
60 411 1
37 569 2
86 737 3 86
95 202 1
25 586 1
8 279 2
69 193 2
7 33 3 10
61 10 3 27
86 440 3 55
33 431 3 8
10 170 3 30
68 940 3 89
20 715 1
89 616 2
85 693 3 50
99 365 2
88 386 1
59 552 3 11
82 530 2
80 521 3 49
15 415 1
18 34 3 14
58 613 2
3 543 1
1 112 3 18
90 632 1
76 115 3 9
30 630 2
2 217 2
52 381 2
6 656 3 95
55 56 3 80
100 902 1
57 728 2
78 57 2
55 31 1
3 587 1
14 772 1
51 122 2
63 33 2
70 98 3 99
81 173 2
52 512 3 25
56 250 1
63 521 1
6 160 1
70 324 1
65 401 1
21 738 2
17 733 3 13
39 31 1
57 12 2
68 453 1
4 917 2
55 651 2
