1000 100
68 404 2
14 198 3 7
91 117 1
13 466 2
46 8 2
71 860 1
14 937 2
39 787 1
9 983 3 7
50 831 1
9 263 2
85 908 2
93 274 1
21 994 3 74
29 826 1
50 671 1
50 164 2
2 630 2
87 503 2
2 249 2
48 311 1
47 363 2
36 85 1
49 155 3 58
30 393 3 96
36 507 3 34
27 411 1
87 24 2
11 594 1
48 600 1
57 759 2
19 642 3 56
69 296 3 12
41 418 1
4 649 3 48
95 462 3 50
99 738 1
35 795 3 94
21 7 2
76 140 1
88 748 2
34 139 1
41 866 3 61
58 964 1
65 341 2
88 735 1
78 186 3 45
41 901 2
12 676 1
43 224 3 57
50 426 2
46 23 3 22
49 821 1
46 51 1
42 847 2
78 947 1
11 551 2
70 125 2
69 507 3 7
60 24 1
11 852 2
29 543 3 29
52 183 2
97 122 2
80 285 2
74 467 2
88 510 1
3 140 2
36 975 3 29
78 683 2
96 434 3 9
3 549 2
85 955 3 64
87 594 2
58 560 3 35
49 649 2
40 478 3 46
80 940 2
6 711 1
94 403 2
40 155 1
49 503 1
69 817 1
42 537 1
71 930 3 92
39 366 2
36 660 2
35 567 1
39 266 1
87 349 2
30 211 2
23 56 3 23
23 82 1
90 485 2
87 682 1
12 377 2
77 465 3 44
98 307 2
67 71 2
13 499 2
