1000 100 30
419 70
547 57
695 34
249 12
908 27
837 15
928 34
944 12
225 51
405 57
637 27
233 8
387 18
326 55
507 23
984 91
698 41
91 99
495 15
95 40
622 62
184 70
420 13
405 22
684 45
470 94
830 30
519 68
111 42
138 2
292 10
344 50
667 80
544 86
75 21
568 21
996 37
97 85
660 72
82 90
102 80
635 75
192 39
744 98
42 38
664 66
51 79
608 100
346 90
654 96
291 8
504 29
963 53
193 46
441 23
333 22
381 33
618 4
515 22
808 93
602 52
266 28
110 32
9 56
38 24
267 90
533 54
477 56
81 4
540 75
760 69
417 44
655 10
661 94
776 3
894 11
974 85
389 30
657 36
450 41
871 90
260 42
457 72
723 81
590 39
957 72
374 45
906 44
324 65
607 10
106 83
803 53
308 7
718 62
179 54
710 65
316 82
180 38
124 15
234 54
