1000 100 30
353 23
933 97
882 97
196 40
437 27
362 87
115 74
975 61
95 59
156 95
563 71
585 72
170 73
13 9
1000 59
61 5
877 18
770 4
252 99
850 95
933 75
606 46
921 91
213 75
499 9
768 52
312 77
12 93
890 5
620 68
58 36
105 51
36 17
925 67
520 12
644 23
383 21
505 49
583 91
754 52
306 6
782 71
513 43
817 41
692 59
558 65
309 90
351 16
546 59
507 13
539 76
418 4
884 86
952 58
564 91
911 80
319 29
866 79
297 72
995 23
660 1
509 93
108 93
296 93
858 58
664 51
641 73
797 16
535 32
590 75
430 2
601 73
758 30
864 64
817 99
219 23
451 40
358 39
674 84
123 70
251 38
774 28
351 19
845 62
474 60
528 60
560 26
755 39
28 98
614 47
257 32
615 31
677 79
123 78
213 70
723 27
305 82
816 65
442 20
343 40
