1000 100 30
872 25
100 43
158 5
27 59
14 79
85 17
940 81
587 87
905 55
512 91
138 52
999 67
879 5
630 74
71 70
934 15
683 100
446 3
379 87
727 12
799 1
503 47
336 67
513 46
612 34
252 53
210 91
830 51
461 8
561 58
564 82
858 64
221 42
154 42
353 37
318 67
265 91
395 42
12 27
699 81
42 19
215 65
59 64
291 57
346 41
341 45
849 91
846 53
851 89
206 67
330 98
801 17
779 94
948 56
358 86
389 27
722 37
148 92
987 94
128 90
833 26
226 65
125 57
240 82
414 41
104 32
165 70
182 75
536 40
560 89
222 94
474 26
766 99
126 62
870 12
532 26
871 28
27 78
52 21
636 73
637 26
307 80
551 51
398 25
725 91
930 48
727 97
316 81
625 56
869 88
308 32
705 63
625 83
820 3
228 24
742 100
888 49
224 87
91 87
68 57
