800 80 25
617 73
401 86
368 60
119 38
707 37
516 81
182 4
617 90
470 36
462 63
138 95
234 97
467 98
38 38
284 37
650 44
550 3
282 73
267 74
723 51
751 73
753 72
188 35
448 50
89 87
400 55
144 69
146 55
428 41
300 64
141 17
107 33
372 54
418 7
771 20
410 1
574 45
397 38
439 77
150 82
38 3
796 23
562 67
701 17
638 28
558 15
169 60
317 86
631 60
647 71
249 11
694 43
668 86
48 4
238 89
119 11
481 26
793 32
59 82
144 88
15 28
347 46
310 49
276 46
359 20
155 22
654 67
381 3
286 29
357 71
92 39
267 55
167 63
102 50
176 13
727 4
398 87
32 62
763 48
63 60
