1000 100 30
693 63
413 43
711 30
626 37
21 31
939 23
724 34
139 73
626 19
843 81
654 68
554 33
256 90
882 34
585 68
341 87
363 73
905 6
477 90
517 64
563 55
612 28
581 30
746 17
181 24
814 48
404 67
821 69
860 18
13 66
399 76
372 69
508 99
147 1
128 75
583 4
938 69
423 65
89 100
812 3
972 89
835 24
461 29
741 19
310 97
256 29
639 20
806 59
416 24
165 94
348 22
151 23
193 96
857 4
959 26
36 4
884 56
764 69
134 47
278 94
819 54
63 34
723 30
995 3
450 36
44 22
80 28
278 27
362 3
170 11
989 96
315 31
348 31
113 44
350 88
456 76
291 99
997 73
796 55
600 10
86 78
966 23
524 1
500 26
18 36
449 44
815 55
132 77
854 65
95 53
902 91
903 93
870 98
931 59
39 56
907 12
197 8
871 84
50 94
891 61
