1000 100 30
992 68
908 82
284 43
244 2
6 86
466 45
706 19
783 34
993 98
578 80
61 92
513 1
390 7
865 75
327 9
325 42
908 35
720 82
673 86
768 59
271 35
869 52
770 26
795 14
973 95
949 6
191 56
938 28
539 87
646 80
282 37
137 97
434 42
979 34
586 86
549 64
811 69
533 38
149 67
221 10
987 41
468 19
218 27
22 24
707 24
167 75
273 72
837 41
402 99
29 83
41 84
885 4
514 9
984 65
540 44
212 22
239 37
896 9
761 94
635 61
892 54
720 45
471 74
168 60
490 2
256 61
713 7
852 97
35 26
286 3
195 9
643 40
858 36
800 65
431 72
449 64
271 50
672 100
868 65
467 65
468 25
823 1
956 20
937 74
266 41
168 27
569 81
437 72
566 49
111 13
149 85
41 69
952 57
314 12
418 77
290 87
340 13
185 96
721 61
417 50
