10000 60
1589 674 444
4347 959 9716
3752 267 18922
4174 5 1102
1485 231 2302
4919 524 17441
1887 468 1098
1460 113 17730
1343 902 4954
4761 209 557
4701 823 2551
4768 444 18519
320 318 754
2431 433 5086
901 12 801
4454 741 5487
2702 368 16969
2953 556 17671
4285 518 2889
2766 218 16755
2739 2 13483
578 745 16723
4086 530 11433
950 781 12074
2409 567 7036
2086 342 15742
3097 223 19475
4118 557 13044
2257 528 4979
3824 563 3193
2715 562 8069
4292 67 8356
584 187 11412
1197 83 13545
4733 514 325
2373 59 8332
795 947 379
4560 717 16095
676 387 9040
4136 783 7481
2006 620 1016
2165 631 12648
3096 961 5638
393 605 4566
4675 522 3975
1800 179 15025
3076 609 1006
1282 366 19351
2042 407 25
2055 980 4569
4080 615 15270
3674 900 9712
4048 723 8964
2964 833 4851
3362 512 13688
1643 32 16515
195 34 13693
3024 484 14237
1591 145 6536
3007 839 9107
