20000 100
1625 560 17261
163 147 14701
3228 338 6490
3128 643 17963
224 363 11874
4470 404 8600
411 316 6524
2740 714 1478
1436 695 11281
4244 625 3560
615 562 7563
45 153 3327
2249 348 13678
1475 980 17198
4684 41 5960
4217 179 11665
837 258 1969
425 899 2014
1005 257 11472
2395 849 8357
38 153 8676
1781 99 8447
3537 317 16578
732 554 13975
1832 240 13305
302 71 15668
1746 785 14046
3033 594 19739
1996 853 5091
1869 748 2700
4274 823 8960
2941 973 15784
4661 826 5682
2810 670 18853
2624 974 14689
3332 294 18784
1903 965 9971
3148 739 4402
175 622 12892
4427 595 11398
3165 788 14767
2210 98 10472
4522 701 17384
2240 130 8341
207 828 13597
3539 552 15900
3142 132 5102
848 635 11036
367 873 4976
3866 168 7639
4605 920 2615
3693 918 16261
2168 789 5683
2963 543 5662
4606 381 13340
54 846 12511
1125 732 12915
3581 20 10607
2848 323 18822
4600 334 15474
2955 272 15785
3719 785 18512
3628 402 6227
4326 347 11227
1973 569 12226
4982 658 9942
3631 156 10500
4911 341 2507
1633 368 6425
2641 37 8896
4503 60 10025
561 826 15767
3947 235 2178
2095 769 3052
3466 54 7925
4151 804 1222
2288 852 371
4193 759 15646
4526 527 15063
2233 562 869
1402 630 7655
1817 475 13084
3311 966 18234
3262 4 11189
3879 479 6134
716 17 5381
4360 456 6198
4504 177 12143
1325 712 8787
4327 878 3793
2024 797 7916
4860 295 5548
1613 378 15233
2131 311 17319
2041 792 13253
273 503 9894
3277 722 17234
2921 887 13895
1241 759 17438
423 112 402
