20000 100
1751 535 6045
548 857 7137
2223 37 11910
154 405 7064
1986 306 366
2747 82 10229
895 441 15650
2255 245 10179
2021 726 15664
4873 65 13985
2866 373 15345
1451 741 12469
2919 547 13332
2646 462 1148
1151 472 15317
1504 192 128
1399 158 8877
499 405 4196
126 527 16673
4346 354 6024
2886 754 10766
264 921 11205
666 96 1222
1755 925 653
2582 170 16114
2107 730 8280
1904 698 7157
3316 698 8794
1992 732 7428
2912 5 15886
315 696 14210
3983 114 18174
5 738 15447
4150 62 19171
4497 131 9557
4040 69 1329
4436 838 8743
1137 492 2243
2253 83 6882
3150 592 16504
1268 944 18064
3298 643 1249
3619 933 19058
3607 111 4622
1710 151 5620
1949 183 1422
2535 774 19389
125 548 19612
198 664 2729
3977 137 14620
4044 731 12599
2069 965 2093
2488 519 17751
4217 590 17531
2283 670 1427
683 32 16156
231 681 17921
757 304 18073
4013 221 19950
3594 152 15649
2407 270 6151
4518 775 4587
3217 366 56
4205 91 8393
2270 820 4361
4199 749 11831
911 365 6888
3721 360 262
2705 425 6978
4109 48 12055
2442 927 12047
1487 873 8408
2264 870 11548
1535 461 13249
3809 953 4272
4177 96 11060
4068 996 17607
2649 693 11473
2397 655 18963
1902 922 16285
2960 757 6713
617 659 19046
534 900 13062
1337 826 1289
3865 484 9829
2501 949 4581
3230 597 17801
1609 748 13987
2051 155 1439
1471 19 11199
2656 861 1736
4773 471 552
3700 540 2240
1837 137 3754
4650 242 16266
3425 111 893
1419 864 4966
4500 249 7766
4624 480 12523
3297 338 19742
