20000 100
455 233 14565
2132 871 5717
3634 7 5694
6 547 15641
4490 679 10997
1026 675 18909
2089 545 17305
481 813 12315
3140 167 18303
23 845 3030
2652 802 5369
2040 20 15262
1168 679 3780
2822 350 10682
2290 926 14136
4983 858 12657
377 672 10960
4852 199 4964
4452 966 19470
2706 240 3717
1090 232 1509
243 531 8816
4174 701 2047
4592 525 577
4156 962 14593
3163 34 13957
4924 732 17757
2798 986 18429
1864 34 9039
2529 917 5096
3263 264 10053
3177 86 6837
2555 156 12932
739 797 6148
2215 548 6804
4290 529 9771
4608 359 7176
1698 165 581
3249 246 4729
2976 714 7834
3510 442 17709
3530 107 11426
2847 346 6377
2431 140 8823
2479 452 7937
985 97 1745
4018 672 7998
2841 944 2748
4514 614 5941
2936 328 6695
1263 646 10182
35 401 2824
653 738 2141
101 518 14045
3427 192 3085
2084 892 14804
4172 674 6410
2670 920 13425
1885 239 14318
3783 430 11466
3256 643 7162
2342 189 19249
195 969 3236
726 607 16854
1646 912 4380
4810 381 15077
4296 415 5475
3030 765 14610
3236 832 5369
1953 992 13795
3812 998 12711
4058 262 5063
4157 309 19789
4298 624 12755
2453 8 12693
3981 288 3317
984 459 2292
1184 259 7164
4218 603 10844
1772 641 8912
2050 438 726
131 819 3240
2154 771 1983
1268 853 17303
3252 3 6150
4482 575 4176
3107 22 2395
2154 239 10333
3684 2 2118
4353 804 16312
4590 955 2389
2394 263 9274
94 872 19557
2145 619 17740
2037 890 1555
4219 179 590
1616 430 4197
4430 144 9562
2825 588 14467
2354 334 18042
