15000 80
3978 796 6302
1284 636 13479
732 891 2059
2198 441 15475
1355 639 14267
1152 260 11131
111 827 5917
2485 798 636
4783 705 1796
4024 435 16187
3562 870 18997
4798 794 15898
1889 297 749
4447 249 11826
2769 648 2165
1119 522 11560
1379 785 8284
3709 44 13366
1078 504 4386
1211 945 17974
4267 601 7632
1983 95 15300
3647 830 10197
296 225 1631
2986 194 15058
293 392 4428
2918 790 9468
1834 608 16024
1218 932 9099
2329 695 18165
74 235 19794
4170 32 89
3575 193 9703
1038 513 19638
4444 606 18347
963 112 6481
627 186 11505
4240 514 4704
2106 608 15271
2165 669 11910
253 651 8071
2805 569 3224
4485 901 18535
2646 161 9610
3521 576 7735
605 322 10133
2141 415 3493
2415 829 3128
1237 84 4416
3674 10 5914
3895 197 2109
2058 145 9797
4160 238 13754
1014 509 3276
2235 356 8659
3723 394 7900
4657 8 16970
2885 306 9715
1871 450 14523
3767 410 2397
810 374 10359
115 538 9463
4884 965 7282
2720 194 18365
3494 684 5291
2629 253 15838
1729 618 11847
3971 475 13066
3186 765 11317
802 938 7675
3014 582 15835
103 917 32
1038 999 8110
2554 435 681
4925 789 16123
4903 31 15577
1284 468 11648
2420 199 15142
4149 890 16017
1673 140 17723
