20000 100
4294 832 1975
1207 940 14528
139 267 11361
4775 856 3141
1500 610 4528
1552 130 14351
4227 239 4250
1314 992 5332
3291 389 11987
3791 847 10580
1666 894 2621
41 59 12608
862 177 14655
4485 545 5037
4456 635 1142
4963 558 18539
3080 356 3112
2193 110 4921
968 589 18109
3713 678 2443
1729 523 9944
1100 425 1345
3191 631 8584
1054 344 11303
946 555 7407
2027 567 8300
1636 18 4325
3910 468 9162
1679 814 4003
3760 635 14560
1310 306 8866
2869 813 16415
2639 937 13262
2692 855 14481
75 618 1239
4137 839 3213
1309 546 1685
1524 659 5551
847 408 9369
1013 960 17502
3031 478 13396
4299 426 9910
863 271 4865
1838 608 14632
1752 891 13737
2311 301 4870
1136 105 8484
1930 856 11842
2780 1 7338
2680 511 4736
2013 289 5001
3339 937 7917
540 546 2226
3467 678 16234
1655 797 19175
710 369 16852
4200 572 4254
4217 386 6551
1296 33 8059
215 52 1540
980 546 15322
448 31 8997
2123 609 2159
3417 42 17751
746 819 18422
3502 365 1262
630 944 15769
3665 93 5672
2878 42 7393
4523 10 13649
4840 127 18761
1962 903 13041
3655 50 6248
1244 331 6042
1969 454 3456
2790 520 16773
3932 663 8977
1385 22 19164
3518 247 5646
341 987 642
259 657 5709
740 481 10018
3422 96 11666
2143 973 1486
2028 833 10229
919 671 17455
3437 792 14721
3357 829 13532
3383 737 8575
682 361 4315
3066 160 16123
3716 310 12265
3922 855 10541
4656 484 15650
2268 869 7896
3343 831 1774
1067 192 10374
3308 948 1928
1745 229 6469
4312 170 2400
