10000 50
2220 973 15290
4926 413 7771
211 296 11497
1730 636 5875
2153 885 7333
783 721 5718
1127 856 3038
4201 532 6873
3888 575 11358
4720 187 5823
4199 534 14270
2294 752 19671
3688 331 19671
817 824 12810
773 275 14983
3162 552 134
459 718 7092
1529 626 13373
1191 849 15075
49 718 6277
50 264 10146
1236 426 121
457 298 18284
3597 553 13010
4640 332 9698
1280 621 5937
1157 911 10958
955 873 13534
4333 724 7664
2610 143 4498
3151 543 19780
2790 204 15581
1117 848 9328
2268 680 7743
1573 835 6524
1477 573 17415
902 145 9950
3249 654 11692
1028 50 7114
3037 316 3169
1493 695 1497
4671 854 12352
1309 521 10366
3462 600 699
4189 573 13606
1402 713 8287
2674 574 2951
1228 122 10437
3557 491 13339
1599 845 11107
