20000 100
2067 935 643
3214 998 6804
3887 562 3745
2105 32 3999
1177 118 1651
86 77 10066
4898 99 3480
3712 315 17665
2848 572 17732
3414 391 3314
4822 192 10812
497 631 17787
4593 82 2855
2943 694 11457
139 147 3987
2576 464 4275
411 754 3509
4523 1 11956
4619 450 5014
3265 317 19665
599 393 6787
1906 46 1737
451 583 402
827 496 12154
2026 979 509
1505 532 12702
4900 541 10431
1422 212 1073
2298 610 17862
1248 499 18567
1834 609 4491
678 725 4089
16 971 16652
3705 717 18002
1678 527 104
1297 911 274
2692 234 10018
3955 15 15893
180 69 913
3868 908 3065
4164 163 7561
363 746 8936
3426 580 3567
3829 430 3992
1123 558 450
3985 2 5588
1624 171 12616
3892 700 17349
3151 497 11261
405 481 11782
4330 447 7392
1351 14 14895
2106 526 13863
2197 567 15194
4689 793 6834
4049 950 3107
1960 446 17894
2688 108 4374
906 135 15596
3454 950 1712
3035 202 18217
2614 726 11834
922 437 3536
3365 915 14825
1929 165 5372
156 795 18256
4401 781 17284
4666 46 15146
3497 895 2024
4194 962 12698
4736 515 1974
1479 693 15235
4482 767 14733
1445 926 18086
2203 678 14080
2304 941 15626
2587 318 4848
309 901 16992
2384 558 3668
1291 849 11588
3382 345 14630
599 101 3418
202 564 13404
663 271 1656
3459 73 11988
2014 99 1031
2410 424 15652
3504 989 6526
931 768 1474
3488 892 8824
4456 601 3446
911 813 19690
1776 889 19204
3628 74 10915
169 757 12951
950 852 10734
4684 600 14976
4052 530 15963
2566 454 14230
1797 568 7783
