1000 100
526 2160
981 250
647 3418
77 6001
997 3172
306 6397
511 4440
661 1337
992 325
189 2340
415 3093
972 8465
28 5065
937 55
611 8453
133 6936
652 3178
82 6044
516 9617
441 5633
303 1414
9 4632
3 3412
927 1814
909 8758
873 6834
917 7455
656 9212
456 5916
18 6267
619 808
882 3703
129 9872
825 6531
287 8788
444 9088
656 2638
325 6503
69 6522
74 8809
336 5140
857 5946
732 5277
98 2001
14 5862
788 3984
593 469
635 4420
131 7624
382 8570
903 663
621 1208
764 1978
344 1936
442 2988
750 5125
639 6577
934 3127
158 1517
4 3798
338 7774
668 8996
112 1292
573 6706
671 1336
687 9834
859 8036
918 872
690 4270
672 5169
197 8459
773 9131
887 4205
443 5530
92 1786
454 4557
891 4794
711 4524
96 782
108 1917
761 8036
850 979
884 7515
137 6983
449 8122
446 5978
464 9617
41 2589
401 7887
399 9077
225 8860
73 3484
722 2473
512 216
672 7470
196 9368
684 2624
286 469
402 3816
95 8732
