1000 100
71 6609
28 812
945 9987
948 5128
980 3375
652 7561
140 9033
673 7676
555 227
995 5957
965 9506
193 5166
235 1527
616 4320
434 169
130 9270
525 8427
720 5642
645 9723
476 2677
427 3776
431 7834
692 8223
875 7157
497 4979
210 115
224 4790
643 3291
138 3111
687 5525
106 8337
94 2615
416 393
899 5075
350 5182
920 7636
10 8191
649 4051
169 514
725 4401
341 8028
921 3693
644 4847
484 5437
361 7784
854 5321
492 1908
385 9196
863 4832
783 6178
672 7865
829 9202
775 2646
619 8332
483 9555
208 8085
699 4476
775 7213
968 9506
321 6756
51 8072
816 2964
706 7539
5 2364
637 7324
987 2619
28 4790
202 3008
853 2906
724 5259
777 8884
79 6858
664 4123
467 6651
986 1292
798 4162
917 5947
853 2312
982 9071
905 8377
236 92
34 2762
683 1586
339 297
432 7561
886 8640
893 1965
251 4390
675 642
799 9910
879 3260
485 2876
843 6691
688 884
228 1627
791 8001
799 8853
255 7564
195 9884
865 5832
