1000 100
81 5004
358 681
232 4251
911 9670
905 2317
212 4078
723 9167
760 1154
740 7325
451 3512
21 5795
606 5279
979 4418
420 2892
448 6359
933 2401
38 5028
490 636
813 9523
837 2739
411 9393
45 7473
586 3573
667 9825
590 8888
238 9671
832 358
219 3839
390 9241
935 9130
70 303
219 9054
441 6068
989 8499
795 9607
796 9830
319 4120
37 2889
241 4427
52 3534
435 8516
58 4951
105 4433
265 2921
734 5872
583 8476
626 242
477 2774
608 8587
273 9922
465 6866
569 9933
325 8905
850 5372
872 289
113 4223
762 1259
119 4881
514 9762
505 2877
863 1835
87 5306
953 4950
894 5165
453 1952
367 2823
139 6446
715 929
442 9022
293 4004
393 9453
560 9720
722 2421
474 383
825 231
9 6435
299 5842
327 5648
255 2984
92 618
213 9882
356 8467
538 865
837 1990
602 592
911 1365
883 712
992 456
558 889
519 7342
349 5107
690 6447
511 4789
365 2835
949 7640
724 4606
17 9011
975 517
337 7448
866 2550
