800 80
231 7971
245 1703
193 5471
591 5904
290 3610
604 8694
715 6067
568 7410
310 7168
546 8932
526 6122
374 8011
489 3704
693 9662
126 6079
196 7676
661 4427
25 7420
424 3904
314 1585
15 5879
197 8562
60 2227
622 7571
407 4389
304 140
472 9243
390 5490
4 4388
622 645
308 4326
467 7557
587 1427
468 2606
646 4638
682 8987
341 2461
646 1638
749 1248
237 9081
631 8245
327 3361
261 5842
497 5420
702 3322
481 8441
32 8382
473 8485
392 2374
795 4544
294 3893
234 9986
547 3239
428 9473
183 3883
171 235
449 4995
504 4616
429 719
730 8026
142 4939
576 446
323 7691
500 4935
559 4102
709 4436
282 8434
590 6295
786 9091
262 6402
220 1775
52 8152
686 3296
422 9162
207 8368
170 6036
195 6302
346 6700
207 2502
279 8455
