1000 100
163 1078
887 8080
493 5931
272 4409
442 2669
282 1754
328 6143
748 1102
194 6914
127 5146
474 3910
16 5190
222 9424
365 6073
718 5839
428 3470
73 2457
377 1558
466 5350
776 5314
834 5419
720 5508
376 5768
323 3069
894 461
622 5494
245 6316
18 1078
902 6765
74 7583
789 1819
934 7867
835 5384
646 1170
734 1337
77 3990
311 1702
599 9617
548 3823
44 2497
52 6255
889 2518
964 5600
15 5555
136 7579
737 8748
833 8859
5 6369
935 4663
642 2150
377 7518
907 3780
560 1253
226 7641
951 1593
797 2331
598 5788
393 2445
766 1692
449 174
746 709
926 3241
816 8301
962 4398
182 474
106 4185
322 8875
999 6594
327 792
498 6036
512 9275
431 9379
505 185
457 1815
911 5491
713 7868
984 6272
917 9376
419 3648
955 9828
832 5592
413 8699
189 3407
436 6836
379 3788
671 102
245 5682
996 1222
340 2698
266 2503
231 1650
89 6861
486 6995
76 3850
973 9800
300 9666
320 3193
769 5913
619 1327
300 8923
