2000 142
345 5 0
591 1 0
1482 4 0
1481 2 0
1758 2 0
1372 1 0
1709 2 0
1135 2 0
185 2 0
508 5 0
609 2 1
1567 4 1
258 3 2
1323 3 2
1279 1 3
1100 3 4
1024 4 5
700 4 6
43 1 7
553 1 9
1606 2 9
105 2 11
558 3 12
1546 4 12
1976 2 13
1630 2 15
201 4 15
81 4 20
1008 4 20
989 3 21
450 4 23
1260 5 23
1776 3 26
1202 3 26
264 3 28
1852 2 28
1870 4 29
874 2 31
284 4 31
1115 3 34
729 3 34
739 5 35
974 5 37
809 2 38
254 1 39
1854 4 39
888 3 40
338 4 41
1930 2 41
1510 3 42
518 3 42
922 4 45
1927 2 45
588 5 46
1743 5 47
925 3 47
1873 3 49
1697 3 49
1488 5 50
1990 3 50
302 2 51
810 1 52
1570 5 54
1458 4 55
18 3 55
1070 5 56
982 2 56
1072 3 58
1142 2 59
1034 5 60
946 3 61
1125 4 61
1704 5 62
1749 2 62
1646 3 63
1190 2 64
533 5 64
89 3 65
736 4 66
1981 5 66
1974 1 67
48 1 67
858 5 70
1939 3 72
1656 1 75
1505 1 76
1917 4 76
860 1 77
543 3 78
1138 4 79
1497 5 79
1704 3 80
453 5 81
998 2 82
320 1 83
1516 5 84
173 3 85
1702 5 85
1164 4 88
732 2 89
346 5 89
1614 5 91
402 5 96
486 1 98
1548 5 100
908 1 100
140 3 101
50 2 104
1148 1 105
1442 5 105
83 2 106
131 4 106
1836 1 107
1764 4 108
757 3 109
1625 5 110
174 1 111
142 1 112
1712 3 112
1561 2 114
1471 3 115
435 4 116
129 4 117
947 5 118
596 1 119
1205 5 119
295 4 121
283 5 124
642 3 126
538 1 126
470 3 128
629 1 130
1611 2 132
189 1 132
1381 1 133
462 2 134
1290 2 136
30 5 136
1713 5 137
1140 1 138
1909 3 140
1368 1 140
