5000 291
4912 2 0
1921 5 0
4375 2 0
2363 1 0
358 4 0
3416 2 0
4777 2 0
1832 4 0
4600 1 0
4140 5 0
1324 3 0
3928 4 0
3128 2 0
3223 3 0
749 4 0
3063 4 0
460 4 0
2065 5 0
673 4 0
1937 5 0
4745 4 1
1453 2 2
1395 2 2
3179 1 3
957 1 3
2273 3 4
4509 3 6
4189 3 6
4091 2 7
795 5 8
3625 3 8
4528 4 9
4142 2 10
1519 2 14
1810 3 15
3473 4 16
3227 4 16
758 5 17
3551 5 19
4611 1 19
1916 4 21
4592 5 22
2339 2 23
907 3 24
4927 1 25
698 4 27
3758 5 27
4532 3 28
793 4 29
163 3 29
4151 3 30
3786 4 31
4089 4 32
1942 3 32
158 3 33
827 5 35
3522 3 35
1458 4 36
4344 3 36
665 3 37
3488 1 38
2482 2 39
3812 4 39
4150 2 42
841 4 42
2499 4 43
3617 1 44
4211 1 44
4076 1 45
21 3 46
836 5 47
4538 2 47
1399 3 52
2109 5 52
2782 1 53
4617 4 54
1802 5 54
28 2 55
2459 5 56
3043 3 56
3385 4 58
107 1 59
4403 2 60
4871 4 60
1545 5 63
3485 1 63
2498 4 65
3073 3 66
1742 2 67
3887 2 68
2606 1 70
2652 2 70
4577 2 71
3115 5 72
4300 3 72
2021 4 76
4844 5 76
2908 2 78
2164 2 78
4415 2 82
2701 3 83
1109 1 84
1925 3 85
2950 1 87
3107 3 87
1 3 88
4490 4 90
2251 5 93
3923 4 94
2722 3 95
1460 2 96
4473 2 96
2931 2 97
1346 2 97
27 2 98
1378 4 98
4657 2 100
792 3 102
4219 3 104
933 2 104
4113 1 105
2330 2 106
2432 3 106
2771 1 107
406 1 108
4022 2 109
2262 3 110
2320 1 112
3724 5 115
3236 5 115
3031 5 116
2222 5 117
4030 4 117
4101 1 119
3853 3 119
4548 3 120
4593 3 122
4832 4 122
3436 4 124
1685 2 125
2536 4 125
1248 2 129
2444 4 130
1571 5 130
78 3 131
4984 2 131
4521 4 133
1576 5 133
1050 2 134
553 4 135
2515 5 136
3129 5 136
2656 2 137
1286 5 139
193 2 140
3650 5 140
4684 5 142
4637 3 142
2412 5 143
1348 3 143
271 2 144
4840 5 144
949 4 148
668 5 149
1592 5 150
4134 5 150
47 1 151
4789 2 151
4939 4 152
1559 1 153
2767 3 153
160 1 154
4360 1 154
1232 3 155
3336 4 156
2829 1 158
4268 2 158
1635 4 159
2467 5 159
4200 4 160
777 1 162
1948 5 163
3063 3 164
4201 5 165
241 2 165
3153 5 166
233 5 166
4029 1 169
3080 4 170
1523 4 170
3634 5 171
4260 1 171
4049 5 172
1949 5 172
1578 5 175
545 4 175
3232 4 177
2717 1 177
721 3 178
2205 2 178
4046 2 180
4219 1 180
3622 3 182
4032 1 183
4105 5 187
4837 4 187
4991 3 189
1098 3 189
2060 5 190
3431 5 190
507 5 193
3645 2 194
3947 5 195
553 5 197
1912 3 199
1853 2 199
1418 5 200
4891 4 200
1266 3 201
4837 4 204
4944 2 204
3808 5 206
2486 2 207
2722 1 207
4410 3 208
4339 5 208
2783 4 211
2407 1 212
1003 1 213
1401 2 214
1593 5 219
2383 2 219
387 4 220
2358 2 221
3537 4 221
4437 1 222
806 3 223
2345 4 223
4807 3 224
2297 2 224
3132 4 225
4763 3 228
2537 2 228
4411 1 229
3919 3 229
2666 3 231
4176 1 231
1767 4 232
1975 2 232
302 3 233
2333 5 235
484 5 235
3363 4 236
3367 4 239
3302 1 240
1574 5 242
4061 5 242
4391 1 243
889 1 244
668 4 246
1670 1 247
4838 5 250
4856 2 252
1156 1 254
4370 4 255
2360 3 257
2759 4 257
2815 4 258
4804 2 261
1846 1 266
2277 1 266
4461 3 267
209 4 269
4987 4 270
2292 5 271
4093 5 271
279 1 273
3646 4 273
774 1 275
4310 3 277
93 2 277
1161 3 278
2355 1 278
662 4 279
1982 3 283
555 2 283
2469 3 286
3877 3 287
7 3 287
2728 1 288
4421 1 290
