32000 2236
9936 3 0
8942 1 0
4519 2 0
2553 4 0
3464 5 0
688 5 0
1885 4 0
2897 4 0
5149 3 0
1404 2 0
8580 2 0
6245 4 0
9132 2 0
112 5 0
6111 4 0
4532 5 0
6550 4 0
5371 1 0
5429 1 0
1243 5 0
6685 2 0
5000 1 0
7190 1 0
6334 2 0
6723 3 0
4656 5 0
4232 2 0
593 2 0
5776 5 0
2092 3 0
2575 2 0
7288 4 0
9095 3 0
2044 2 0
3015 1 0
4424 2 0
4363 1 0
3016 5 0
2218 3 0
7340 2 0
4216 4 0
5755 3 0
5334 3 0
4356 1 0
9106 4 0
7597 4 0
5684 5 0
2752 1 0
484 3 0
5096 5 0
4446 3 0
2702 2 0
7954 3 0
4005 3 0
5749 4 0
8414 4 0
6461 2 0
9858 5 0
1772 3 0
324 1 0
3082 5 1
2649 1 3
5618 4 3
9981 2 4
8791 2 5
8530 5 5
6199 5 6
6371 3 6
2196 1 7
4848 4 8
7057 2 9
6426 1 12
9607 5 12
1849 3 13
7968 2 15
3172 5 15
5454 2 16
3229 1 18
2082 4 18
1202 1 19
7501 5 19
5915 2 21
6158 5 22
8932 4 23
9307 5 25
6836 3 27
7184 4 30
1863 2 31
2013 5 31
5330 4 32
1144 5 33
7280 5 33
6332 2 34
5407 3 35
4344 1 36
7401 1 37
887 2 40
2568 2 42
2209 2 42
2498 1 44
1624 5 45
8308 3 45
6155 3 47
9411 3 48
3069 1 48
5695 3 49
6098 3 49
9049 5 50
5545 4 50
3640 3 51
9658 1 51
9801 5 52
6182 1 52
7147 4 53
9023 2 56
8878 3 57
1925 4 59
6828 1 60
9657 1 60
7968 3 61
6524 3 61
2063 5 63
6790 1 64
1673 4 64
653 1 66
7236 2 70
1747 1 71
7002 3 71
9304 5 72
5736 5 73
4913 5 73
8282 3 74
7781 3 74
4786 4 75
6631 2 76
6556 3 76
2842 5 77
5893 3 78
9618 3 80
356 3 81
5551 2 81
1133 4 83
6136 1 84
797 5 84
1710 4 85
942 2 85
5866 2 86
2810 5 89
2881 1 90
3713 2 90
7758 3 91
6866 4 91
8825 1 95
1153 3 96
9207 4 97
5199 2 97
5356 3 98
7178 1 98
3205 3 99
2676 2 99
7026 3 102
1070 1 102
3837 1 103
6912 1 103
2522 2 104
3401 2 105
2265 3 105
5163 4 106
9285 3 106
7366 1 107
2520 4 108
8105 1 110
35 2 110
3079 3 111
8771 5 111
1146 2 113
403 5 113
8452 1 114
1320 4 115
815 1 117
3800 2 120
5837 3 121
2532 3 122
6485 4 122
2751 2 123
7572 4 123
3890 2 124
8040 2 124
7886 5 125
6817 2 125
5746 5 126
7544 1 128
2710 2 128
9984 4 129
5668 3 129
3610 5 131
6068 5 134
9208 5 134
1234 2 136
437 3 137
6743 4 137
9325 4 140
2179 2 140
7107 4 141
6052 4 142
6395 2 143
3204 2 143
1151 2 144
3772 4 146
5897 3 147
3820 3 147
8034 4 150
9845 4 151
564 4 151
253 1 152
1397 2 152
1427 3 153
5587 2 154
6979 1 154
1368 4 155
5374 1 155
5659 5 156
2545 1 157
3581 4 157
4306 3 158
5390 5 160
1202 2 161
3028 4 161
5417 1 163
8368 1 170
5767 2 170
6629 1 171
7965 4 171
4895 4 172
5212 3 172
85 2 174
3050 3 177
7209 3 179
1338 5 179
1901 4 181
5484 3 181
2015 3 183
1265 3 184
5646 4 184
7415 5 185
4805 4 186
302 2 187
814 2 187
2983 2 188
2409 5 188
3094 4 189
681 5 189
2713 1 190
2270 3 193
8209 4 193
7284 5 194
5581 2 195
4529 1 197
9714 3 198
7043 4 199
9948 3 200
1936 1 200
315 4 201
3263 3 201
2088 4 202
8148 4 202
4644 5 204
2107 5 208
9854 3 209
7605 4 209
9998 4 210
6829 3 211
8362 3 211
7519 2 212
895 3 213
2075 1 216
6704 4 216
2964 5 217
3536 3 219
3291 3 220
7726 2 220
4517 3 221
4669 2 224
4927 4 224
1501 5 230
9319 4 231
2950 2 232
755 4 233
9101 5 233
4681 4 234
367 1 234
5190 3 235
985 3 235
4300 1 236
4227 4 236
2681 5 237
1945 5 237
743 5 238
2650 1 238
1772 3 240
6216 2 240
5097 1 241
8569 1 241
7872 2 242
3545 1 242
4456 4 243
5020 1 246
3818 3 247
5534 1 247
6105 3 248
5135 1 249
530 5 249
4822 4 250
3978 2 251
4157 4 251
9289 3 252
5856 3 252
2262 2 253
2502 5 253
1908 3 255
99 2 256
1459 4 258
2357 4 258
5272 2 260
394 5 263
224 2 264
5648 4 265
2773 1 265
9539 5 266
4407 5 266
2821 4 269
9856 4 270
3652 3 271
5088 4 271
7690 5 272
7938 5 274
7768 1 274
2804 5 278
9666 2 278
6356 3 279
3718 1 279
704 1 280
2614 2 280
1804 3 283
5988 3 284
6660 4 284
9342 5 285
655 3 285
4152 5 286
1469 3 291
979 3 292
9491 3 292
2398 5 294
8639 3 294
524 5 295
1787 4 296
506 5 297
474 5 297
9609 2 299
7189 2 300
8896 5 301
9430 3 302
341 5 302
4916 2 303
1645 3 304
3694 4 305
3068 2 307
5178 4 307
9846 3 309
3893 1 310
5322 1 310
4273 1 312
1060 3 312
5447 5 313
7476 4 313
7631 5 316
3973 2 318
5303 4 319
9451 1 320
1859 4 320
6440 4 321
7105 5 321
3173 4 323
6992 5 323
8799 5 324
4261 4 324
1189 5 325
9278 1 325
8434 3 326
5962 1 326
7808 5 329
4711 3 329
7414 2 331
7304 3 333
3491 2 333
9246 2 334
21 5 334
268 1 335
6060 1 337
7721 2 338
6671 3 338
8205 4 341
3520 3 341
7290 1 343
5874 3 343
1919 3 344
2536 2 344
1813 3 345
9117 2 345
5445 2 346
5821 2 349
1514 2 350
9089 5 350
8366 4 353
1813 3 354
4909 5 355
3474 5 355
6664 5 358
4280 2 358
6833 1 361
3574 2 365
1989 2 365
6131 2 367
9054 5 367
6785 2 369
3552 1 370
272 1 370
1642 5 371
6053 5 372
4457 1 373
9942 4 374
3941 1 374
5490 3 376
621 4 376
4165 4 378
8429 1 382
1377 3 384
87 3 384
6989 3 385
1616 4 386
6995 5 386
4169 1 387
2990 3 388
7935 2 389
5090 4 389
969 5 391
7639 3 392
7194 4 392
1798 3 394
5966 1 395
5231 4 395
8120 5 396
8172 3 398
4951 4 398
1855 2 399
8322 2 399
4038 3 400
1912 2 400
7773 5 401
9803 4 401
2570 5 402
9876 3 403
1106 3 404
5056 1 410
8915 4 410
9182 4 412
9423 3 412
8833 5 413
3652 3 413
5804 2 416
3922 5 418
9479 4 418
1291 2 419
828 3 419
6356 5 422
7983 4 423
6669 1 426
1658 2 427
4764 4 428
1961 5 432
6127 2 432
1942 1 433
5753 3 434
9051 2 434
5974 1 436
663 3 437
4617 4 438
6167 5 439
805 4 439
3231 2 441
831 3 442
5819 3 442
6185 2 443
7210 3 443
4835 4 446
5613 4 446
5443 1 447
5401 4 447
7114 4 448
8143 2 448
7494 3 449
7023 4 449
8707 1 450
3756 1 451
832 2 451
5447 1 454
7502 5 455
6132 3 455
6583 5 458
2931 5 458
4618 3 460
8792 2 462
3804 1 463
9582 4 464
295 4 465
4273 1 465
4879 4 466
9361 4 467
7366 3 468
3172 1 469
342 3 471
8428 2 472
899 1 473
3060 4 475
4343 5 476
1178 2 477
8088 2 477
344 3 478
5947 5 480
9244 3 481
9418 1 485
9868 4 486
4313 2 487
2819 1 487
6323 2 490
2357 3 490
4493 2 493
5357 5 494
143 3 496
2705 1 496
5861 4 497
3252 3 499
5493 2 499
9222 2 500
882 4 502
2816 1 502
2216 1 503
5866 3 503
6643 1 504
6241 5 505
2972 3 505
3209 4 506
3326 2 507
7875 2 508
8016 2 508
3499 1 510
3127 3 510
6819 5 511
7800 3 511
4807 2 512
2848 4 512
8108 5 513
2623 2 515
2545 1 515
3286 1 516
9314 2 516
6404 2 517
7785 5 517
2127 5 519
7205 2 519
4295 5 520
273 3 521
8482 1 522
1677 1 523
2980 4 524
5650 4 524
100 4 525
765 5 526
3851 5 526
6472 3 527
2723 4 528
8675 3 528
19 2 532
7492 5 532
7687 4 534
1461 1 534
6011 3 535
7024 2 535
5875 1 537
3476 2 538
8967 3 538
5587 1 539
5760 3 539
6223 1 541
1811 3 542
1932 2 544
2029 1 545
4120 2 545
3390 2 546
6459 2 547
7333 4 547
6787 4 548
7781 1 549
2758 3 551
2607 4 551
5132 2 552
994 5 554
9583 5 555
2327 4 557
9346 1 557
782 1 559
561 1 559
4858 4 560
262 5 560
482 2 561
1522 2 561
3042 2 563
3586 3 563
7413 4 564
3635 1 564
4782 4 565
97 4 565
6269 5 566
6163 4 567
9775 2 567
1080 2 570
8162 5 572
1040 1 574
1926 2 574
9471 1 575
296 3 576
1860 3 577
7175 2 577
75 5 579
4945 4 580
8755 1 581
2687 1 583
8039 3 585
1375 2 586
3198 1 586
1222 3 587
8646 2 588
5398 4 588
9286 2 590
328 5 593
6659 3 593
8682 2 594
2927 3 594
9605 4 596
7610 2 596
2142 5 597
1164 2 600
2094 1 601
8856 4 602
8715 1 603
5948 2 603
1618 2 604
4734 3 605
5153 5 605
1839 2 606
2515 4 606
3417 2 607
336 3 608
1754 3 609
8680 3 609
4007 4 610
8 5 611
2221 2 611
9472 4 612
6376 3 612
4685 5 615
6310 1 615
2569 4 617
1605 1 618
7364 2 622
5148 2 624
2495 5 624
6543 1 626
128 4 627
8070 5 628
1863 4 630
9646 4 630
9003 1 631
5473 2 631
4310 5 632
343 4 633
7062 5 634
8990 2 635
497 4 635
1613 2 638
5974 1 639
5829 1 639
9438 1 640
4387 4 640
6194 4 641
830 2 642
244 3 643
5366 3 645
7916 5 645
5803 5 646
7014 4 647
8083 3 648
8427 5 655
7075 3 656
4107 5 656
870 5 657
6620 3 658
2333 1 659
1994 4 660
8588 5 660
114 2 661
6561 3 665
9995 4 668
3854 2 668
3542 3 669
8764 5 669
4963 3 670
9625 2 670
547 1 674
1466 5 674
6485 2 677
9827 1 679
6361 5 679
5649 4 680
1603 4 682
6947 2 684
5689 1 684
8686 1 685
1964 2 685
4744 3 688
5314 1 690
6477 2 691
2337 3 695
3404 1 695
5722 3 696
6301 1 696
6103 5 697
5561 2 697
7885 3 698
8991 1 698
6545 2 699
5560 1 700
4681 3 702
947 2 702
4918 1 703
3660 5 704
2139 3 704
3022 5 705
1370 3 707
435 1 711
766 4 711
3058 4 714
1025 1 714
5748 4 717
7495 2 718
5406 1 720
6030 4 721
330 5 721
5566 3 723
4642 4 725
9392 5 725
7614 2 726
7703 2 726
4217 1 727
9729 3 728
7662 1 728
9979 3 729
5031 3 730
3127 2 733
9828 2 733
3674 1 734
2984 4 735
6043 1 735
1522 5 736
5438 5 736
3783 5 737
6911 4 737
6618 1 738
670 5 738
4785 1 739
2239 1 741
607 1 742
4356 2 743
6377 2 743
8116 4 745
5050 2 745
2878 2 748
3275 4 749
8311 5 750
4603 2 750
7351 4 751
6298 2 751
320 3 753
9046 5 755
9075 5 757
3224 4 757
4661 3 758
3092 3 759
4816 1 760
9668 4 760
8698 4 765
6495 4 766
3365 4 767
6139 2 771
9075 5 771
287 5 772
5563 5 772
6234 3 773
796 5 773
8018 1 774
906 4 776
6597 1 777
3918 3 777
78 1 778
5537 4 782
1557 3 782
2738 2 784
3835 2 785
7204 2 786
9773 1 786
6201 4 789
1509 3 791
8220 4 791
6764 3 792
4896 3 793
2271 5 793
1856 5 796
9704 5 796
7421 1 797
1119 1 797
6753 3 798
8109 5 798
7572 3 799
6789 5 799
1315 2 801
8652 2 801
2193 3 802
7912 5 804
3754 2 805
1739 2 806
6881 3 807
2034 5 807
3320 2 810
4536 5 810
5720 2 811
5038 3 812
6765 2 813
1621 2 815
373 1 815
2071 1 818
4850 1 818
9243 2 819
3882 2 819
2453 5 823
2336 4 824
8576 4 827
4769 4 832
9523 3 834
5709 2 834
7914 2 835
2336 5 842
4780 5 842
980 4 843
9257 1 844
6901 1 845
6434 2 846
1320 4 848
2195 5 849
9277 4 850
22 5 851
2869 2 851
1951 1 852
6598 4 852
7484 1 853
5846 4 854
6595 2 854
5338 4 856
9193 1 858
753 5 859
9284 4 859
9238 1 860
1866 1 860
5889 2 861
6255 3 863
220 3 864
7590 1 864
1651 3 868
3573 1 870
7813 3 870
5716 3 871
1148 1 872
4705 1 872
2188 5 875
7997 1 877
2287 5 877
1787 3 880
4382 3 881
7786 2 881
6129 1 882
7038 3 883
709 4 885
2414 3 886
1833 2 886
7381 2 887
8812 1 887
3009 3 888
6326 3 888
7185 4 889
1441 2 892
95 5 892
9628 3 893
7059 3 893
8850 3 895
5426 5 895
765 5 897
14 4 897
3732 2 898
5094 1 900
661 5 900
3460 3 901
1542 3 902
4359 1 902
7410 4 903
1975 3 903
9623 3 904
3042 5 905
998 2 906
1431 2 907
5345 2 910
8402 5 911
8022 1 912
9461 1 912
6941 5 913
6892 1 914
3591 4 915
46 2 915
610 2 916
5165 2 917
881 5 917
2483 1 918
7382 2 921
8598 5 922
5382 1 922
3916 5 923
8877 2 924
5136 5 927
568 2 931
7429 5 931
6756 1 933
860 5 934
3339 5 934
7095 4 935
1051 5 935
8261 2 936
8043 4 938
1288 5 939
4924 5 939
6974 5 940
7192 3 941
9134 2 941
987 5 942
7475 5 942
5003 1 943
1815 1 944
7939 4 945
8225 3 948
5323 4 948
4369 4 949
2122 5 950
423 5 951
98 5 952
5974 1 954
6522 5 955
3946 4 955
2544 1 956
7607 1 956
8838 2 960
6394 2 960
555 4 962
9268 3 962
5537 2 963
8114 5 966
2729 3 967
8107 4 967
7090 2 970
8099 2 971
6482 4 971
4380 4 972
5596 1 972
6773 5 974
7446 1 974
4989 4 976
1627 5 979
5145 4 980
7371 1 983
5791 5 984
8534 1 985
8400 4 987
4277 2 987
9066 2 989
8334 5 989
5785 2 991
5188 4 991
6525 2 993
3944 1 994
151 2 995
5389 2 995
3047 4 996
4728 2 997
8874 2 997
9814 2 998
4554 2 1000
7679 5 1001
3012 1 1002
7232 5 1002
8659 2 1003
5177 1 1003
2289 1 1005
884 1 1006
6412 5 1006
2894 4 1007
8245 3 1007
705 1 1008
2878 3 1009
3991 2 1010
7676 2 1011
6804 3 1011
813 3 1012
8281 5 1013
4901 2 1014
6105 2 1014
9754 4 1015
2856 4 1015
5171 1 1016
3915 3 1017
5031 2 1017
1550 3 1018
5548 2 1019
2013 5 1021
4887 2 1021
9943 5 1023
7316 5 1025
2301 2 1027
1328 1 1027
6091 4 1028
725 2 1032
1936 1 1032
6596 4 1033
496 1 1034
8550 3 1035
8483 3 1035
9031 2 1036
1537 3 1037
7570 5 1038
1111 1 1041
1755 3 1042
962 1 1043
2580 3 1044
4255 5 1047
9799 2 1048
1558 5 1048
1069 3 1049
4177 2 1050
4639 4 1051
8867 4 1051
2573 4 1053
6951 1 1054
1682 3 1056
5473 2 1057
8321 2 1057
7038 2 1058
1743 4 1060
1406 2 1060
5199 1 1063
147 1 1063
1004 1 1064
7216 4 1064
4232 2 1065
5073 1 1065
7246 2 1066
881 4 1067
1825 4 1067
7867 2 1068
2707 1 1068
4368 1 1069
3425 1 1069
8535 5 1072
9969 1 1072
870 4 1073
3735 2 1073
5503 1 1075
2063 4 1075
9860 1 1077
8525 2 1077
4124 5 1078
3913 5 1078
740 1 1079
1354 5 1080
9238 3 1081
6797 4 1081
6692 4 1082
4457 2 1083
2875 2 1083
7771 3 1084
7642 5 1085
7737 5 1086
2359 4 1086
4650 5 1087
7728 3 1089
8170 1 1089
3921 4 1090
2413 1 1091
7475 5 1091
4974 1 1092
1044 2 1092
9760 2 1093
186 1 1093
8130 3 1095
7119 1 1095
4211 1 1096
7506 2 1096
2888 1 1097
2208 1 1097
3506 4 1099
1267 3 1099
990 5 1101
7710 5 1102
6235 2 1103
4943 2 1103
1116 4 1105
3553 3 1105
9709 2 1106
7568 4 1107
1305 3 1108
8394 4 1108
9188 2 1110
7934 4 1110
2678 3 1112
5687 1 1113
4866 4 1113
3357 5 1114
5762 1 1114
5777 3 1116
3163 1 1116
6903 2 1118
3861 2 1118
5914 4 1120
9942 3 1120
7006 4 1121
8330 5 1121
4762 1 1123
9242 5 1123
7722 5 1124
8320 5 1124
4133 2 1125
255 3 1125
825 1 1126
8051 5 1127
8792 4 1127
4938 2 1128
2358 1 1130
7118 5 1130
929 4 1132
3641 2 1132
5813 3 1133
8598 4 1134
1770 3 1134
5020 2 1135
7568 2 1136
4498 3 1138
1335 3 1138
5569 1 1139
489 2 1139
7794 4 1140
3514 2 1140
8410 2 1144
5689 2 1144
4347 5 1146
2762 2 1147
7765 3 1149
1629 2 1149
2083 5 1150
2251 3 1154
1303 2 1156
3738 3 1156
249 5 1159
1317 1 1161
7898 2 1161
1457 3 1162
8650 3 1163
8026 3 1163
4252 3 1164
8427 5 1164
9150 2 1165
1271 1 1166
8907 1 1166
8948 2 1169
3745 1 1171
3342 5 1172
6479 5 1172
5922 5 1173
7713 3 1173
2793 5 1174
8916 2 1175
4431 5 1175
351 3 1177
9457 3 1177
7335 1 1178
9930 1 1178
7046 5 1179
3018 3 1179
7161 2 1181
3076 3 1183
3333 4 1184
3142 2 1184
9317 1 1185
1532 2 1186
5275 4 1186
4685 2 1188
8014 4 1188
8667 4 1190
4578 3 1190
2703 4 1191
5672 3 1191
8655 2 1192
2332 4 1193
1897 2 1195
8415 5 1196
2978 1 1197
8799 2 1198
2167 2 1199
4450 5 1199
964 2 1201
1773 4 1202
3178 3 1202
4843 4 1204
2706 4 1204
5508 2 1205
2401 4 1205
8395 4 1206
9158 3 1206
9509 4 1209
9724 5 1209
4815 5 1213
1981 3 1214
6004 2 1216
8475 3 1217
2755 5 1217
7729 1 1218
4657 4 1218
4365 4 1219
5786 3 1220
6170 3 1221
8625 1 1221
1675 2 1223
2562 1 1223
4477 5 1224
3429 1 1227
6505 2 1230
7746 4 1230
7816 3 1231
9912 4 1233
6662 1 1235
3499 5 1236
6487 2 1238
6135 2 1238
956 1 1240
1702 2 1241
5663 5 1241
4548 5 1242
3204 1 1243
2721 2 1243
5705 4 1244
661 1 1244
9422 5 1245
7615 5 1247
9288 3 1248
3585 3 1248
8335 2 1249
1209 3 1250
9365 2 1252
2469 4 1253
1932 1 1254
228 5 1257
9174 5 1257
5902 3 1258
7172 5 1259
5124 4 1259
266 2 1260
3881 4 1260
4317 1 1261
8459 1 1261
4360 2 1262
3215 1 1262
8578 1 1264
8472 2 1264
2379 5 1265
3905 3 1265
5721 4 1266
1339 2 1266
5730 3 1267
9461 1 1267
494 1 1268
1711 4 1268
7532 3 1269
2773 5 1270
5874 5 1270
1448 2 1271
2821 3 1271
7513 2 1272
2575 2 1272
1117 2 1273
4383 1 1273
2619 3 1274
7992 3 1275
8357 4 1277
7211 2 1277
7217 4 1278
850 3 1278
3689 3 1280
594 1 1281
8548 5 1283
867 1 1284
6532 1 1286
6894 4 1286
5872 5 1287
4381 1 1289
7894 5 1289
5725 4 1290
2358 5 1291
627 3 1291
4581 3 1292
9509 4 1292
9961 5 1294
6129 1 1294
8056 1 1295
1395 4 1295
6565 1 1296
3297 1 1296
5545 5 1297
4003 3 1298
35 3 1299
4009 4 1300
5166 5 1300
2154 1 1301
741 4 1304
6338 1 1304
2849 1 1306
387 3 1307
995 1 1308
5739 4 1308
7364 3 1311
3953 5 1312
263 5 1312
4709 2 1315
8503 4 1315
2425 5 1316
2728 5 1316
4550 3 1317
5783 5 1317
2096 4 1318
5038 3 1318
5691 5 1319
9523 1 1320
1627 1 1320
2298 3 1321
381 4 1326
2902 1 1327
2487 2 1327
3558 4 1329
5572 4 1330
6454 2 1330
7680 1 1331
7368 3 1331
4918 4 1332
3709 3 1334
9064 3 1335
6405 3 1335
1762 3 1337
6030 2 1337
2058 1 1338
4058 4 1339
6107 2 1339
8678 4 1340
2805 3 1340
649 2 1341
3324 4 1341
7353 4 1343
8106 1 1343
367 4 1344
9380 5 1346
683 4 1347
5809 5 1350
3073 2 1350
7383 1 1351
4678 2 1352
6128 2 1352
8603 5 1353
9134 5 1354
6971 2 1355
8580 2 1356
5654 1 1357
5272 4 1358
3838 5 1362
7684 4 1362
3218 3 1363
6520 4 1366
1204 1 1366
3301 4 1368
7492 4 1368
3412 2 1369
8415 4 1370
7788 3 1371
4234 3 1376
4122 2 1376
7585 1 1377
8291 5 1377
7903 1 1378
6909 4 1379
6707 4 1379
9046 4 1381
4287 1 1381
2299 1 1384
8846 2 1385
8462 4 1386
2860 3 1386
6266 1 1388
6085 3 1388
5229 4 1389
2767 3 1389
6841 1 1390
9245 1 1390
4166 5 1392
1043 2 1393
7166 3 1397
4523 1 1397
8747 1 1400
793 4 1400
4342 5 1401
3319 2 1402
4133 2 1404
324 5 1404
1380 4 1407
9091 3 1408
9534 3 1409
3777 5 1409
3858 2 1410
5671 5 1410
1359 3 1411
8143 5 1412
5697 5 1413
8789 4 1414
8553 3 1415
7786 1 1416
743 1 1417
1624 3 1418
1941 3 1418
124 5 1420
5209 4 1420
4114 2 1423
6651 4 1423
8220 1 1424
7827 1 1425
7381 5 1426
1085 2 1426
9300 1 1427
6498 1 1427
9418 4 1428
1806 3 1428
10000 2 1431
4458 3 1431
2946 4 1432
7727 4 1433
5046 2 1433
4198 2 1434
2921 3 1434
7593 2 1435
3687 5 1437
2454 3 1438
1772 4 1438
2748 1 1439
3810 1 1441
2770 2 1442
2621 5 1442
6514 5 1443
3410 4 1444
5737 3 1444
9352 2 1445
2158 1 1446
8492 3 1448
6907 3 1448
5289 4 1452
4744 4 1453
8019 1 1454
4848 5 1454
4467 4 1455
9156 4 1455
1115 1 1456
4741 3 1456
4208 3 1457
4307 2 1457
4369 1 1458
6655 1 1458
8457 5 1459
9841 4 1460
3790 5 1461
9043 5 1463
1560 4 1465
7588 2 1466
5761 2 1467
7061 3 1467
2842 1 1471
7508 3 1471
7372 5 1472
8894 1 1473
7525 2 1473
230 4 1475
5905 2 1477
5069 5 1477
9050 5 1478
3743 2 1480
953 1 1480
7849 5 1481
7122 4 1481
3716 5 1483
9637 4 1483
7260 4 1485
2411 1 1486
2917 3 1487
5363 2 1488
5580 1 1488
8872 1 1489
2368 5 1489
1145 3 1490
2777 4 1490
6444 5 1491
4636 4 1491
224 4 1492
5633 3 1493
2867 2 1494
3731 1 1494
962 5 1498
1289 4 1498
3676 3 1500
9204 4 1501
3410 1 1501
2023 2 1503
5387 3 1505
3489 4 1505
2466 4 1509
6115 2 1510
9996 5 1510
4005 5 1511
7956 1 1512
732 1 1512
8730 5 1513
6163 4 1513
917 4 1514
9262 1 1514
3727 1 1516
9643 4 1517
5937 4 1518
7606 4 1518
5169 1 1520
9893 3 1520
2562 3 1523
8345 3 1525
6542 2 1525
8497 5 1527
1847 2 1527
519 2 1529
1707 2 1530
6869 1 1530
2965 3 1531
8819 4 1532
7528 5 1532
4685 2 1533
1019 2 1535
5754 5 1536
5953 1 1536
8167 2 1537
6340 1 1537
4952 4 1539
5804 2 1542
204 4 1546
2064 3 1546
1769 4 1547
6338 3 1547
1702 5 1548
9496 3 1548
4929 5 1551
1455 2 1551
3287 1 1553
4695 4 1554
341 5 1555
217 1 1555
7824 2 1556
644 4 1556
3188 3 1561
8034 5 1561
7623 4 1562
2133 4 1562
6510 3 1565
4698 5 1565
855 1 1567
7211 5 1567
374 3 1569
5484 3 1570
6414 1 1570
4355 4 1571
9447 3 1572
1006 4 1572
4088 2 1573
3864 3 1573
4323 3 1574
4833 3 1575
9471 2 1575
6647 3 1578
7062 3 1579
5372 3 1579
6577 2 1581
2210 5 1582
5940 2 1583
9229 4 1583
5335 4 1584
8602 2 1585
3217 3 1585
9875 3 1587
4549 1 1587
6299 1 1588
9697 4 1588
2680 3 1589
1754 2 1589
177 5 1590
8600 3 1594
1408 3 1595
9345 1 1595
2185 3 1597
3295 3 1597
1587 3 1601
2877 4 1601
5852 1 1603
9810 1 1604
2060 1 1604
7083 5 1606
596 5 1606
7112 1 1607
6825 4 1610
5356 3 1610
8046 3 1612
8846 2 1612
2937 2 1613
177 3 1614
3408 3 1616
5901 5 1616
9118 4 1617
7463 5 1619
9751 5 1619
4397 1 1620
2516 4 1620
2024 5 1621
3555 4 1622
6213 1 1626
1146 5 1626
2519 2 1627
7907 1 1627
6720 4 1629
1942 2 1630
364 3 1631
2687 2 1631
8921 4 1633
8139 4 1633
3272 2 1635
55 2 1636
5893 1 1636
2796 2 1637
9260 2 1638
7041 5 1639
2482 2 1642
4625 1 1642
4816 4 1644
1872 2 1644
6895 4 1645
4989 4 1645
4653 5 1647
3557 1 1648
6226 3 1649
103 2 1650
7320 5 1650
1615 4 1652
8219 1 1653
2139 1 1653
5044 3 1654
42 2 1655
1675 1 1657
1479 1 1659
2982 1 1659
6168 4 1660
6595 5 1660
7962 3 1661
9664 3 1661
7349 4 1664
8034 2 1665
242 1 1666
9153 1 1666
3254 3 1667
1331 5 1673
6109 3 1673
6511 2 1675
7980 1 1676
2722 4 1678
5770 3 1679
9706 3 1679
8556 1 1681
4557 4 1684
9724 3 1685
1705 4 1685
5124 4 1686
1459 4 1687
7195 1 1688
7568 3 1688
7924 5 1692
2198 2 1692
7830 5 1693
2536 2 1694
8820 5 1695
5305 5 1696
8763 5 1698
9154 2 1701
9994 4 1702
3042 2 1702
2234 1 1703
1900 5 1703
8543 4 1705
2049 4 1707
6928 1 1707
4549 1 1708
763 1 1708
1322 3 1711
5503 3 1711
9005 2 1714
6821 3 1714
9220 3 1715
3219 4 1716
5832 1 1716
5416 5 1717
5153 4 1717
3635 3 1718
1893 3 1718
2023 1 1719
2679 3 1719
7807 5 1720
5378 2 1724
5304 1 1724
912 4 1726
5908 1 1727
8970 2 1727
8330 4 1728
373 1 1728
7220 5 1730
6448 1 1732
7431 1 1733
112 3 1734
9357 2 1734
177 3 1735
4550 3 1735
3488 5 1736
4889 2 1737
1338 1 1737
7471 3 1738
6462 2 1739
6522 4 1739
7742 2 1741
8274 4 1741
7007 2 1742
2673 3 1742
2443 5 1744
1947 1 1745
3420 2 1745
6982 3 1746
7481 4 1747
4908 3 1747
9443 4 1748
5479 1 1749
7532 5 1749
1365 3 1750
1290 2 1752
2644 5 1752
8124 2 1753
9781 5 1753
2684 5 1755
7862 5 1756
2809 3 1756
8247 3 1757
5457 1 1758
5267 3 1759
3784 5 1759
3458 1 1760
6638 2 1761
9294 2 1762
3822 1 1762
2886 4 1763
1052 3 1763
1427 5 1764
1257 3 1764
6330 1 1765
3917 4 1767
5873 5 1767
4537 1 1768
7004 5 1769
9921 3 1771
7075 3 1772
1105 3 1773
6546 1 1775
1388 1 1776
765 2 1776
5405 1 1777
2357 4 1778
3273 5 1779
7101 3 1782
1430 1 1782
9344 4 1783
9303 5 1783
8723 3 1784
3760 2 1784
4276 1 1785
7926 5 1785
9427 5 1786
6027 3 1787
4514 1 1787
8004 3 1788
7222 5 1792
7714 2 1793
4288 5 1794
9530 1 1794
819 1 1795
6123 5 1796
5656 4 1800
5397 3 1802
5930 1 1802
974 3 1803
2887 1 1804
7851 5 1805
5911 1 1806
6329 1 1806
2751 2 1807
1349 3 1810
3217 2 1811
7018 2 1811
4109 4 1812
5872 2 1813
9126 2 1813
9723 1 1814
3730 4 1814
5759 3 1815
8752 3 1818
9099 3 1819
7146 2 1822
8124 3 1823
1190 2 1824
7208 3 1824
3221 1 1825
869 1 1825
9001 3 1827
1418 3 1828
3872 1 1829
1958 2 1830
14 2 1830
3835 3 1832
4369 4 1833
6345 1 1833
424 4 1834
8683 5 1837
3072 2 1838
7999 3 1838
769 4 1839
8992 1 1839
8904 4 1840
2111 4 1840
5144 5 1841
5438 1 1846
9548 3 1846
5114 5 1847
5913 1 1848
1432 4 1851
5813 4 1853
5982 2 1853
5798 2 1855
4233 5 1855
4550 2 1857
4698 3 1858
7189 4 1860
528 5 1861
3395 3 1861
2856 4 1862
2104 5 1863
6851 2 1863
9523 3 1864
7478 5 1867
8005 1 1869
3519 2 1869
4029 1 1870
5007 3 1871
889 5 1873
3025 5 1873
4202 2 1874
9889 5 1875
6034 3 1875
7810 2 1876
3145 2 1876
6778 5 1877
7899 2 1878
336 3 1878
6252 1 1880
3630 1 1883
6093 1 1884
3804 4 1884
624 1 1885
2799 2 1885
5413 5 1887
4274 5 1887
1050 1 1888
1700 2 1888
9594 5 1889
4136 2 1889
8313 5 1890
8607 2 1890
8274 5 1898
73 2 1900
5053 2 1901
791 4 1902
2250 3 1904
6985 1 1904
9133 2 1907
8921 4 1908
537 3 1908
924 3 1910
8278 5 1914
9249 3 1914
7612 5 1916
7997 1 1916
9896 4 1917
9476 5 1918
640 3 1918
3303 4 1919
3675 3 1922
7770 5 1924
1735 2 1926
6928 1 1927
1415 3 1927
9641 2 1928
8974 1 1929
9382 2 1930
6877 5 1931
8393 1 1932
968 2 1932
2606 3 1934
9667 3 1934
2370 4 1935
3145 5 1935
5902 3 1938
5595 2 1940
4428 1 1940
4672 5 1942
6372 1 1943
165 5 1945
7481 3 1945
6620 4 1946
5000 1 1947
6965 1 1947
6848 5 1950
2885 5 1952
9282 1 1952
8379 3 1954
4337 2 1957
6650 5 1958
7234 2 1959
9899 2 1959
8820 2 1960
4192 1 1960
5268 3 1961
2142 1 1961
197 4 1962
213 5 1964
2137 2 1964
303 4 1966
4562 2 1966
9622 1 1968
4588 1 1969
1888 2 1970
4252 2 1971
9273 5 1972
4222 4 1972
7954 3 1973
6115 1 1974
5007 4 1974
4305 4 1975
9254 4 1980
2282 2 1980
6581 1 1981
4736 5 1981
8144 3 1982
8098 3 1983
6691 5 1983
6955 3 1984
454 4 1987
3873 2 1990
4596 1 1990
9165 4 1993
5190 2 1993
355 4 1994
44 4 1995
834 3 1996
6676 1 1997
7702 4 1998
7734 4 1998
5005 4 2000
7023 3 2000
2957 4 2003
8788 2 2003
9271 2 2004
3115 4 2004
4562 3 2005
7816 1 2006
5700 3 2006
2845 1 2007
5471 4 2007
7209 3 2010
3747 2 2011
9644 4 2011
305 5 2015
3022 4 2015
4058 3 2016
5598 4 2017
6911 4 2017
7408 5 2018
6941 2 2018
8406 4 2020
7404 3 2021
9423 1 2022
1479 4 2022
7587 3 2023
9411 1 2025
5070 4 2025
3505 3 2026
7851 2 2026
439 4 2027
8324 5 2027
2899 4 2028
6650 1 2029
1432 4 2034
6821 5 2037
6761 5 2037
7400 4 2040
8230 4 2041
7202 3 2043
3170 3 2045
5260 3 2045
8435 3 2046
3513 3 2046
8480 2 2047
7182 3 2048
5212 2 2048
1159 2 2049
6744 2 2050
3917 3 2051
8870 1 2051
852 3 2052
4390 1 2053
8661 5 2054
8324 5 2055
831 4 2056
8109 1 2057
311 2 2058
4693 2 2060
601 4 2061
6883 1 2063
8434 1 2065
3340 4 2065
9909 4 2066
660 4 2067
4284 2 2067
6398 2 2069
5876 1 2069
923 4 2070
6300 2 2072
5272 3 2072
2974 3 2073
993 3 2073
1396 1 2074
5002 5 2075
9611 2 2075
2018 3 2076
4754 1 2077
4115 3 2077
2761 4 2078
3408 4 2079
5952 5 2079
9800 4 2080
799 1 2084
3841 5 2084
7677 3 2085
4824 2 2086
574 1 2086
8003 3 2088
2574 4 2088
7713 4 2089
7875 3 2090
7925 1 2090
9768 5 2093
8940 1 2096
5376 4 2096
2784 4 2098
187 5 2100
2063 3 2101
1620 5 2101
8928 2 2103
3339 4 2103
2600 1 2105
5949 3 2108
3702 4 2110
665 5 2110
1463 3 2112
2363 5 2112
333 4 2113
3253 1 2114
3335 3 2114
666 1 2115
4576 3 2116
4195 5 2117
6585 3 2117
925 4 2119
1604 3 2120
5651 5 2124
6839 4 2126
1850 4 2128
1201 5 2131
2787 5 2131
7583 4 2132
1835 1 2135
3088 5 2139
4670 1 2139
768 5 2141
7231 4 2142
8310 1 2142
7188 5 2143
3414 3 2144
1654 4 2145
423 2 2145
265 1 2146
838 5 2146
2224 2 2147
3821 4 2147
1106 5 2148
670 2 2149
3935 3 2150
6249 4 2151
4933 2 2152
9131 1 2154
9907 2 2156
576 3 2156
7650 5 2158
6422 4 2158
4438 3 2159
1370 2 2160
1676 5 2160
4488 4 2163
4988 3 2163
9161 1 2164
7395 3 2165
2792 4 2166
7355 3 2167
5961 5 2167
635 5 2168
1008 3 2169
5326 4 2169
5234 3 2170
3297 2 2170
8972 2 2174
4730 3 2176
4948 1 2176
2135 4 2178
2231 4 2178
4254 4 2179
313 5 2179
8466 1 2181
655 4 2182
5189 5 2184
4916 5 2184
5472 1 2185
1180 1 2186
2859 5 2187
3747 1 2188
8679 4 2189
4370 5 2191
8254 5 2193
6249 3 2193
7273 3 2194
6825 1 2194
8333 5 2195
8514 5 2197
169 5 2198
2857 3 2198
7992 5 2200
4095 2 2200
7675 3 2201
7241 4 2202
3377 5 2202
4984 4 2205
9190 5 2206
9809 1 2206
3894 1 2208
2253 2 2210
6416 3 2211
9844 3 2211
9182 4 2213
4681 2 2213
7202 1 2214
2382 4 2215
9539 2 2216
3895 2 2217
1178 5 2219
607 5 2219
2614 4 2220
8511 2 2220
7695 3 2221
2274 3 2222
9563 1 2223
1641 4 2223
7337 2 2225
3248 2 2229
185 2 2229
8063 2 2230
2481 2 2230
6763 2 2231
9442 1 2234
