8000 2383
2261 4 0
2250 2 0
1886 5 0
3598 4 0
440 2 0
788 2 0
4964 1 0
1389 2 0
503 5 0
6671 5 0
2592 4 0
5500 2 0
7533 2 0
7869 2 0
6103 5 0
4012 5 0
4861 3 0
3538 5 0
78 5 0
3601 3 0
7174 2 0
3901 4 0
1130 4 0
6296 2 0
2959 3 0
3618 3 1
1520 1 2
6495 1 2
3332 2 3
4050 1 4
3725 4 5
591 5 5
5844 2 8
602 3 8
6361 2 9
4944 5 9
5147 1 10
3676 2 10
1669 3 11
1311 3 13
5202 5 13
5114 3 14
7514 3 14
1082 5 15
4840 5 15
2333 4 16
5588 4 17
7125 4 17
7341 3 18
1794 5 19
2390 4 19
178 1 20
1190 3 20
5684 4 22
7162 4 22
1797 5 23
4150 1 23
1794 5 25
7618 1 25
2820 5 28
7948 5 30
6369 2 30
6323 3 32
3848 1 32
1462 3 33
886 3 33
936 2 34
4872 2 36
7392 5 37
147 3 38
3470 1 38
7728 2 39
5128 5 40
304 3 40
7519 3 42
3464 4 42
225 3 43
7389 2 43
3182 3 45
7223 1 46
1745 2 46
374 4 49
6235 2 49
1792 4 52
6830 3 52
4483 4 53
4907 2 55
3369 3 55
2464 1 56
5341 4 56
3992 3 58
5332 2 59
5397 4 59
7100 3 61
2865 1 62
674 1 62
1047 1 63
216 2 64
7446 2 66
2747 4 68
5767 4 69
964 5 72
2607 2 72
5330 2 73
5220 2 74
6366 5 75
667 4 76
2591 5 76
4869 4 77
4334 5 77
944 4 78
1256 2 79
6617 1 80
5694 5 80
3627 3 81
4798 2 81
2428 2 83
6877 5 83
3335 2 84
6633 4 84
7881 4 85
5778 3 85
2085 3 86
3551 3 86
5705 5 89
1955 3 89
6103 4 90
6385 5 92
6988 3 92
4309 2 93
298 1 93
7511 2 94
1419 2 94
1922 1 95
6793 3 96
1928 1 96
3214 4 97
3499 1 98
3994 5 98
6104 3 99
3389 2 99
6115 4 100
3264 2 104
491 2 106
5255 2 106
3785 5 107
4275 2 108
1287 4 109
2830 4 110
7298 3 110
6225 4 112
7063 5 112
4102 4 117
1685 2 119
7618 4 120
6277 2 120
5626 5 121
4881 2 124
1882 2 124
3858 2 125
6491 1 125
2732 3 126
4384 4 130
6962 1 131
1870 5 131
3266 4 133
5358 5 133
1317 3 134
393 4 135
587 2 135
3508 3 136
6785 5 136
5498 4 137
7320 1 137
4306 2 138
3981 2 138
5681 3 141
2160 3 142
7583 1 144
1128 2 144
4866 3 148
5967 1 148
3999 1 150
1375 3 151
5868 3 153
3546 1 153
2976 3 154
5769 3 154
2979 1 155
2628 2 156
5770 5 156
566 3 158
2865 2 158
6051 5 159
2154 4 159
4033 1 160
3943 2 161
2889 5 162
2275 3 163
7216 1 164
4975 5 165
3222 3 165
7445 5 166
4095 4 167
1912 3 167
1285 4 168
1747 1 169
3647 5 169
5849 1 171
4799 4 171
6753 4 174
5672 2 174
3258 4 175
6212 4 175
4801 3 176
3969 2 176
301 2 177
489 1 177
2063 5 178
1922 1 179
2937 2 180
3047 5 180
7506 1 182
2673 3 182
2841 1 183
3339 3 184
2164 3 184
3191 3 185
1556 2 185
2772 2 187
1579 2 187
4514 4 189
3211 3 190
6995 1 190
6606 2 191
3563 2 191
7128 1 192
4227 4 192
1819 4 193
77 5 196
4053 4 196
5674 5 202
483 4 202
3069 5 205
5525 3 205
3032 1 206
6441 5 207
2920 1 208
7471 5 208
4511 3 211
5508 4 211
930 5 212
4971 1 213
7452 3 213
6756 3 214
1545 5 214
6767 3 217
5109 2 218
6379 3 218
1896 2 219
2574 2 220
3654 1 221
1728 2 223
3650 4 223
1225 2 224
5316 3 224
5378 3 225
1949 3 226
6264 4 226
3193 2 227
3171 2 227
4334 3 230
1194 1 230
1710 4 231
5072 3 233
3547 2 233
7295 5 234
5240 5 235
6850 1 236
7007 3 236
312 5 237
3832 1 237
2573 5 238
7841 2 239
4324 4 239
4125 5 240
1793 2 241
1285 4 241
5314 2 242
7870 1 242
6911 5 243
1964 5 244
1408 4 244
6456 1 246
7961 1 246
6185 4 248
7581 2 249
1846 1 252
1321 3 252
2299 2 253
192 3 254
7332 3 254
4936 1 255
313 4 257
4258 3 257
453 5 258
5198 3 259
953 3 259
1911 1 260
301 1 260
1859 1 261
386 1 261
7194 4 262
4038 3 263
6330 4 264
5233 5 266
6830 2 268
4731 5 268
285 3 269
6138 4 271
4908 1 272
5196 4 273
5128 2 273
2025 5 274
709 4 274
4398 1 275
6806 5 276
385 4 276
7831 5 278
7719 1 278
2722 4 280
910 2 280
5636 3 281
1957 4 281
1180 2 282
6002 3 284
5384 5 285
5358 5 286
2789 1 286
5175 1 287
3316 5 287
2074 3 288
5854 2 288
4171 2 289
4326 2 289
4189 3 291
3110 1 292
7623 4 292
6002 5 293
7849 4 294
7191 1 294
869 3 295
1537 1 295
2920 4 296
2972 5 296
2858 5 297
6788 3 299
5434 5 299
4007 2 300
4757 3 300
6788 1 301
6736 5 302
4123 1 303
5196 1 303
1933 5 304
2289 4 304
5975 1 307
4633 4 307
6730 2 308
7698 4 308
6904 3 312
3090 4 313
1594 3 314
4804 4 315
768 2 315
2091 1 317
357 2 317
311 5 318
7540 4 319
3476 2 319
2116 5 320
7149 1 322
3973 3 323
4828 2 325
4809 3 325
6959 3 327
3638 3 327
2349 3 328
5367 4 330
2260 1 331
1625 3 333
916 1 333
4474 5 334
4065 3 334
1961 3 335
945 3 335
3379 4 337
4774 2 338
735 5 338
4764 3 340
4083 4 342
3657 2 343
2484 5 343
4457 3 345
678 1 345
967 1 346
1808 4 352
5081 3 352
7173 5 356
5064 2 358
3801 3 359
778 1 363
5839 1 363
727 5 367
5358 4 367
2756 1 368
6359 3 371
5386 3 372
5078 2 372
58 1 373
721 3 374
5643 4 375
4253 4 376
3822 5 376
6904 4 377
6731 1 377
1266 4 378
2705 2 378
4122 4 379
2692 4 380
4310 2 383
6214 1 385
6085 4 385
2807 4 386
1311 1 386
3575 4 387
2149 2 387
932 2 388
280 4 389
5018 1 389
6433 1 391
7651 2 392
3458 5 393
3363 3 394
1444 4 396
7487 2 397
1564 4 397
4723 5 398
5169 3 398
2066 3 399
5595 5 403
3914 1 404
3687 2 406
1718 5 406
7542 5 407
1635 1 407
765 1 408
706 3 408
7644 1 409
4241 5 410
685 1 412
972 2 413
5213 1 414
6321 3 417
3725 3 419
4047 1 419
2067 1 420
7601 4 420
5494 3 422
3601 5 422
6852 5 423
68 4 425
1944 3 425
3458 4 426
3795 4 428
6545 2 429
1028 3 429
2923 5 430
4295 5 430
5209 3 433
7408 5 433
2047 1 434
7678 5 435
7957 2 435
5618 4 440
164 5 440
3467 5 442
5988 5 442
2946 1 443
5827 3 443
1677 4 444
2652 4 445
5852 3 445
7055 4 446
1572 1 448
7665 4 448
1569 5 451
3194 3 452
5331 5 452
3743 1 453
1639 3 455
5147 5 456
3806 5 457
3669 3 457
7577 2 459
2094 5 459
6814 2 460
2572 1 460
7573 1 462
6393 3 462
411 1 463
476 3 463
7347 5 464
3085 3 466
3442 1 467
903 4 469
6967 2 470
518 4 470
1711 5 471
738 2 471
3467 5 472
2556 1 475
3228 5 475
7629 1 476
3073 3 478
390 4 478
297 1 479
7170 4 480
7540 4 480
4072 4 481
7202 4 481
2507 5 482
6367 3 483
2829 4 483
6229 1 487
4794 3 487
3524 3 488
3329 1 488
6237 5 489
7482 4 490
6837 4 491
7255 1 492
5349 4 493
7164 4 495
3325 2 496
1618 5 497
3672 2 498
7569 5 500
228 2 502
4659 5 503
5943 2 503
224 5 505
7088 3 505
5302 3 509
3213 4 509
1333 1 510
7009 2 510
3602 1 511
7245 3 511
4888 2 512
2231 5 512
797 5 514
7744 2 516
113 3 516
2364 5 517
1968 3 519
2062 3 520
4751 5 522
747 5 522
7598 3 525
7399 5 525
4405 3 526
3947 5 527
1676 3 527
5139 4 530
5912 5 531
6330 2 532
3057 3 533
5542 3 533
6385 3 536
6887 5 537
4546 4 538
3889 4 538
1162 2 539
1098 3 539
2382 2 542
3303 1 543
1060 4 544
6901 4 544
4435 5 545
4784 4 545
4382 5 546
426 2 547
2597 5 549
3941 3 551
7729 3 551
201 3 553
3636 3 554
780 4 557
1083 5 558
7967 2 558
3767 1 559
3634 4 559
4179 5 560
1454 1 560
6741 3 561
451 1 563
6975 1 563
4295 1 564
6667 5 565
7006 3 565
970 4 566
6265 5 567
6591 2 568
2974 3 568
6685 4 572
5339 4 573
1939 4 574
2410 2 575
6315 3 576
7697 5 577
3426 4 579
7849 3 580
5752 3 585
2899 3 587
2551 5 587
605 3 590
4612 5 591
4134 1 592
4677 5 593
3851 3 594
4845 3 597
468 1 597
3280 1 598
4798 3 598
274 3 599
2285 4 599
6313 3 600
4219 3 601
2183 1 602
7834 5 602
6181 4 603
2475 4 604
4638 2 606
3172 4 606
5896 3 607
5481 4 607
771 1 608
2916 3 608
1674 2 609
184 4 612
1104 3 613
5362 2 613
7106 3 614
3898 5 614
4967 5 615
2422 5 615
6286 1 617
6884 3 618
2967 2 618
2370 2 619
1507 2 621
1591 5 623
5055 2 623
4263 4 624
1154 5 624
3195 5 625
2511 5 626
6972 3 626
4740 5 628
977 2 630
7781 4 630
3928 5 631
1272 4 634
2004 1 635
4761 1 635
7388 1 636
2578 2 637
7675 4 639
7205 3 640
2181 2 642
2995 2 643
1235 5 644
4615 4 647
250 1 647
2051 1 648
6744 3 650
1292 1 650
7181 3 651
1420 4 651
6617 1 652
612 1 652
6816 4 653
5644 4 654
1546 3 655
3589 1 655
7317 2 658
6922 4 660
5833 5 662
7107 5 663
4178 3 663
4988 1 664
3994 3 664
7611 3 665
7418 2 665
6208 5 666
7172 2 666
4186 2 667
5252 4 668
3258 3 671
23 5 671
4952 5 672
1625 4 673
3071 2 674
870 4 676
7832 1 676
1321 2 678
4332 2 678
7575 5 680
3261 2 680
3677 5 681
6342 2 682
7677 2 684
3407 5 685
6631 5 686
1519 4 686
7756 5 688
4387 4 688
5147 3 689
4627 5 689
4334 3 690
2501 5 690
3807 4 691
7645 4 693
4655 3 693
5482 3 694
3613 5 695
1165 3 695
1708 5 696
5866 4 697
4298 2 698
1065 2 699
7081 5 702
5672 3 702
7777 5 703
2348 3 705
3135 1 705
2950 3 706
4671 2 707
5213 2 708
92 3 710
4558 3 711
6168 2 711
1054 4 712
461 3 712
833 2 714
6570 3 714
5857 5 715
7375 3 716
6309 2 718
363 5 719
1115 1 719
4550 2 720
1059 5 720
6653 3 721
4540 5 722
4985 5 722
1835 3 723
3374 1 724
5919 1 724
5678 2 725
4375 3 725
6637 3 727
994 1 727
3512 5 728
1109 5 728
1721 3 729
4182 3 729
1567 3 732
5950 1 732
3735 1 735
6887 3 736
6462 4 737
6481 4 737
3948 5 738
3578 1 738
4590 4 740
4489 1 743
25 5 743
5177 1 745
7092 1 746
1010 1 746
1523 2 747
293 1 748
6825 1 754
1955 1 755
2971 1 755
6845 3 757
6854 2 758
3414 5 761
5696 5 762
6274 4 762
2861 1 764
7196 5 764
3518 5 765
5387 2 766
7470 1 766
5932 5 769
7537 4 770
6053 5 770
3462 1 772
3194 3 773
6375 2 778
2644 2 778
5799 3 779
4014 4 779
609 2 780
791 1 781
7311 4 781
7604 2 782
6532 5 782
7767 1 784
7755 4 784
6725 2 785
7979 3 786
5607 3 787
230 3 787
7277 5 788
2385 2 790
5531 2 790
713 1 792
5735 2 794
1202 1 795
2729 4 795
2386 4 797
2209 4 798
5349 3 798
5274 4 799
104 1 800
2315 2 802
3822 2 802
1928 5 803
1535 4 803
7535 5 804
1259 1 804
1596 2 805
3052 1 807
3281 4 807
5631 4 808
3395 4 809
6918 4 810
2255 4 810
3412 4 811
907 2 811
2931 3 813
6898 3 814
3513 3 814
2436 3 815
7383 3 815
5772 3 816
4112 2 818
5949 5 819
5288 1 819
5583 3 820
677 4 822
1017 3 825
5193 2 825
6234 4 827
2135 5 827
4983 1 828
7244 5 828
1144 4 831
990 3 832
1457 4 834
7013 4 835
2428 3 836
6231 3 837
4350 3 837
3123 1 838
7471 5 838
3195 2 839
6482 4 840
5848 3 840
4941 4 841
3003 2 842
7336 5 846
143 5 846
4035 2 847
2102 1 847
7508 2 848
4020 4 849
4619 3 849
1845 4 852
2711 4 853
1421 1 853
3287 3 854
1691 5 855
572 2 856
1102 2 856
6398 5 857
6279 4 858
3238 1 860
7768 2 861
4675 1 861
6634 4 862
6519 1 864
6959 5 866
4676 2 867
1190 3 867
4206 2 868
2725 2 868
2739 3 870
3113 3 870
2262 1 873
1842 2 874
763 1 874
6102 1 875
3597 1 875
4540 4 878
2603 2 880
288 2 880
7302 3 881
5831 4 882
5391 4 882
7736 3 883
5817 5 883
2897 4 884
411 4 884
5299 3 888
6941 5 889
1568 4 890
422 5 890
3960 4 892
4823 5 893
3143 1 894
7541 1 895
5343 3 895
1675 1 896
2800 3 896
7252 2 897
3604 2 897
904 3 899
1203 3 899
168 5 900
4610 5 905
3914 3 907
6213 1 908
1278 3 909
1308 3 909
4360 3 910
743 4 911
3482 4 912
3398 3 912
7913 1 913
1148 1 913
2751 4 914
231 5 915
7918 5 915
7786 4 916
809 2 916
1783 4 919
5343 3 922
7370 4 922
6497 3 923
5931 5 923
915 1 924
356 3 924
440 1 925
3275 2 926
1964 1 926
487 4 927
2032 1 928
5349 4 928
4566 2 929
860 4 929
4093 2 930
261 1 930
5225 4 931
2492 3 931
5547 5 932
3884 4 932
1045 1 934
1987 1 935
88 1 935
4004 1 936
2133 2 936
2777 1 938
2059 2 940
5640 5 940
1922 4 942
7170 3 942
3165 4 943
3555 4 943
6364 2 944
4231 1 945
6156 3 946
764 1 946
4711 3 948
2500 5 949
513 1 950
4958 5 950
3667 3 951
3374 3 952
5199 5 955
639 5 955
1645 5 957
2861 4 958
1636 2 959
6579 1 960
4495 1 960
4568 3 961
6833 5 962
5035 3 964
4776 2 964
5493 2 965
1870 1 967
1255 3 968
7637 2 968
3151 5 969
2957 2 969
1357 4 971
419 1 971
5358 3 972
7578 5 972
413 2 973
6176 2 974
3023 3 974
1587 4 975
4787 3 975
4242 3 976
5604 3 977
4685 1 977
6798 1 978
589 3 978
2830 4 979
1658 2 980
3675 1 980
6709 4 982
3545 4 982
5115 2 983
734 5 983
4663 5 984
3059 1 986
315 3 987
5424 3 988
6036 1 989
4141 1 991
7028 2 991
5435 4 992
3924 2 994
4742 5 994
4822 5 997
6311 1 997
3394 5 999
2310 2 1002
296 4 1003
2175 5 1004
4204 4 1005
932 3 1005
1676 5 1007
227 3 1007
5551 3 1008
7881 2 1008
6122 3 1010
7755 3 1010
2424 5 1013
7583 3 1013
7826 3 1014
1101 1 1017
6677 5 1017
4133 3 1018
560 1 1022
7118 3 1027
5006 5 1027
873 3 1029
2685 1 1031
1764 4 1031
2028 2 1034
5582 2 1034
1154 2 1035
3676 3 1037
218 2 1037
6663 4 1038
7865 2 1039
1083 2 1040
5060 3 1042
6318 5 1042
4514 1 1043
4552 2 1043
1617 2 1044
5948 1 1044
5171 2 1047
6049 3 1047
6512 2 1048
5264 3 1049
5311 5 1051
3426 5 1053
5579 1 1054
1246 3 1055
2427 1 1056
3950 3 1056
4618 1 1057
716 2 1062
773 3 1062
5868 5 1063
3407 2 1063
4378 3 1065
5447 4 1067
4498 2 1068
139 4 1068
2281 1 1069
6702 3 1071
5982 4 1071
6251 3 1073
2590 5 1074
7855 2 1075
7377 5 1076
2622 1 1077
1372 4 1079
638 4 1081
7363 3 1082
7566 1 1083
5580 2 1083
1897 2 1084
3394 1 1085
6319 3 1085
3187 5 1086
949 5 1086
1467 4 1088
2618 4 1089
290 3 1089
3281 3 1090
4097 5 1090
3538 1 1092
732 3 1092
390 5 1093
6321 1 1093
1313 1 1095
5820 4 1095
7344 1 1096
2388 4 1098
7639 1 1098
1184 5 1100
3457 5 1100
5713 2 1101
2022 1 1101
4464 5 1102
876 4 1102
2430 2 1105
2292 4 1106
7816 4 1106
3340 1 1107
7238 1 1107
4206 3 1108
3095 5 1109
2503 2 1109
4561 5 1111
7518 1 1112
2387 5 1112
5864 3 1113
6047 5 1116
1250 4 1117
7645 1 1117
3591 5 1118
7025 3 1118
1641 1 1119
3926 1 1119
1260 4 1121
7911 1 1121
4832 1 1122
5706 3 1123
2755 1 1123
4059 2 1124
7979 2 1124
3214 3 1125
6491 3 1125
3828 5 1126
3441 1 1128
3845 1 1129
5138 3 1131
6709 5 1134
7741 2 1134
124 5 1136
7187 1 1136
3642 3 1138
2058 2 1138
1699 4 1139
5863 2 1140
6763 3 1140
1099 2 1141
4408 5 1142
6132 1 1143
2902 1 1143
4759 4 1144
3408 5 1144
6614 4 1146
2400 2 1146
3618 5 1148
5840 1 1150
198 4 1153
6399 2 1153
7138 1 1156
3467 5 1157
4636 5 1157
6932 4 1158
1176 3 1159
1470 1 1159
1895 1 1160
1135 4 1160
2622 1 1161
5007 4 1162
6098 3 1162
2067 1 1163
3959 2 1163
1712 5 1165
838 1 1165
3339 2 1168
1300 5 1168
1257 5 1169
5925 3 1169
5312 4 1170
4198 5 1170
1042 1 1172
1252 3 1174
1073 3 1175
6197 3 1176
6980 3 1177
206 2 1178
5826 4 1179
7475 2 1179
5115 5 1180
4112 4 1180
671 1 1181
2560 4 1182
2274 1 1182
6708 1 1183
2981 4 1185
3766 5 1187
7478 5 1187
2439 5 1188
1901 4 1189
6812 4 1192
5195 3 1192
7229 2 1193
3813 5 1194
6852 1 1194
1864 1 1195
3629 3 1196
4836 3 1196
641 4 1197
3055 4 1197
1868 4 1198
2863 1 1199
5684 1 1202
5066 2 1202
3214 3 1203
4723 5 1203
1662 3 1204
7025 3 1205
3737 5 1205
458 5 1206
966 3 1207
2634 1 1207
4779 1 1210
165 2 1212
1853 4 1213
1796 2 1214
1573 1 1216
5693 2 1216
7951 1 1217
1237 4 1217
4866 4 1218
1537 5 1218
6387 4 1219
5739 2 1220
1651 3 1221
6897 2 1222
321 3 1223
7014 4 1223
2865 1 1224
5725 4 1225
3299 4 1226
2073 4 1226
1146 5 1228
4653 4 1228
1768 3 1230
625 3 1230
4275 4 1231
7496 5 1231
456 3 1234
1434 4 1237
1110 3 1237
6235 3 1238
6530 5 1239
5172 1 1240
3082 4 1240
5528 4 1245
3658 3 1245
5582 3 1247
3923 4 1247
6177 5 1248
5256 3 1249
7420 4 1250
4165 4 1251
7063 4 1252
111 3 1253
7958 5 1256
2327 3 1256
6735 5 1258
1252 3 1258
1281 4 1259
672 5 1260
7704 4 1260
133 2 1261
2925 2 1264
724 4 1266
6443 3 1266
4378 4 1267
3573 4 1267
6482 5 1268
7485 1 1270
841 2 1271
1397 3 1271
4626 4 1272
175 3 1272
5307 1 1273
6721 3 1274
7105 5 1275
7612 3 1275
5418 5 1278
2523 4 1279
6170 1 1279
6829 1 1280
1197 4 1282
5526 5 1283
4770 1 1285
7047 3 1286
5321 5 1286
473 5 1288
7426 1 1289
2177 2 1290
6908 2 1291
2539 3 1292
6295 3 1292
3564 1 1293
7561 1 1293
4280 1 1294
5791 4 1294
4861 3 1298
5683 1 1298
897 3 1299
2935 3 1299
6984 3 1300
5987 4 1300
5439 3 1301
3152 2 1303
4747 4 1304
7349 3 1304
2299 2 1305
6307 1 1306
6815 2 1307
418 1 1307
7563 5 1308
2479 1 1309
4122 3 1310
7379 3 1310
6654 1 1312
1593 3 1313
6162 4 1315
1567 5 1316
1530 2 1317
1209 1 1318
2317 2 1318
3907 1 1319
4295 4 1320
1363 1 1322
2940 1 1323
5267 3 1323
1827 5 1324
6554 2 1324
346 1 1325
3589 4 1325
607 3 1326
2506 4 1326
437 4 1331
4483 2 1332
2799 4 1333
3070 3 1333
3300 5 1334
3635 5 1334
1084 1 1335
2946 4 1336
4231 1 1336
1856 1 1337
1489 3 1337
6157 4 1338
1758 2 1339
1756 4 1339
4569 1 1340
7416 1 1340
6314 4 1341
4076 2 1341
4767 5 1342
7475 4 1342
1191 2 1343
6067 4 1343
7665 3 1345
4622 5 1346
1839 5 1347
6436 4 1347
2758 1 1348
5061 1 1350
433 2 1351
3105 4 1352
7761 3 1353
3267 4 1354
7553 4 1355
3880 2 1355
2539 4 1356
4432 3 1357
1511 4 1358
4541 3 1359
5565 4 1361
78 4 1361
1078 3 1362
1411 2 1362
2723 2 1363
1203 4 1365
2612 1 1367
7864 5 1368
3061 5 1370
353 2 1370
2061 3 1371
1586 4 1373
721 4 1374
5793 4 1374
1010 2 1375
1819 2 1375
2599 2 1377
3607 3 1378
5040 3 1379
3134 5 1379
4854 1 1382
5288 3 1383
11 3 1384
3207 1 1385
5427 2 1385
5596 4 1386
161 2 1386
6020 1 1387
258 5 1387
3616 4 1388
4324 2 1388
2849 5 1390
6532 3 1390
6264 1 1391
3912 4 1391
5043 4 1396
4981 5 1397
809 5 1398
1407 2 1398
4690 1 1400
3724 2 1402
3281 4 1403
7726 4 1403
5147 3 1404
5808 4 1406
2565 2 1406
1508 5 1407
4106 1 1407
4290 3 1409
5652 2 1409
2026 2 1410
1372 1 1411
2859 2 1413
7453 5 1413
5042 5 1414
6655 3 1415
6055 1 1415
3849 1 1416
1043 3 1417
5691 3 1419
4469 3 1419
1943 1 1420
1006 2 1422
7870 5 1423
6463 4 1423
4181 1 1424
2200 1 1426
7796 3 1427
1300 3 1428
5063 1 1428
3572 5 1433
3251 5 1434
4730 3 1435
5094 3 1438
3206 1 1438
7553 2 1441
2961 4 1442
5422 5 1443
3419 5 1445
3325 3 1446
653 1 1446
7465 4 1447
5188 1 1447
3916 1 1448
6871 1 1449
1816 1 1452
2355 1 1452
6374 1 1453
2440 5 1453
2654 2 1455
785 2 1455
2249 2 1460
3408 4 1460
6935 4 1464
4722 3 1465
2059 5 1467
367 3 1468
3187 3 1471
390 1 1471
4625 1 1475
508 2 1475
5589 2 1483
2772 2 1483
5663 5 1485
7054 2 1486
2615 2 1486
4609 4 1487
7482 5 1487
4817 3 1489
5446 5 1492
1792 2 1493
730 1 1494
516 5 1494
2404 3 1496
2674 3 1496
5038 3 1497
1692 1 1498
7521 4 1500
4227 1 1500
6556 3 1502
1416 2 1502
7988 1 1503
7436 3 1504
1124 3 1504
3983 5 1505
1894 2 1506
7941 5 1506
6418 5 1507
1058 4 1509
3749 1 1510
4217 1 1510
6354 2 1511
5151 5 1511
5844 3 1512
1284 2 1513
1811 2 1513
2474 3 1515
429 3 1515
3437 1 1517
1163 3 1517
4915 4 1518
2969 2 1520
3554 2 1521
5346 5 1523
486 4 1523
1936 5 1524
7078 2 1524
7839 2 1527
382 4 1527
6555 3 1528
1603 2 1528
2373 2 1529
7970 5 1529
2815 1 1530
4424 5 1530
5518 5 1531
1093 1 1532
1782 2 1532
1235 5 1534
4827 1 1534
2389 3 1536
4897 1 1536
7145 4 1538
2166 2 1538
2067 2 1540
7607 1 1541
7269 3 1541
952 5 1543
4358 2 1544
6004 5 1544
4637 4 1545
6591 5 1546
7741 1 1546
5664 5 1548
1529 4 1548
3149 3 1549
2734 3 1551
2432 2 1551
1365 5 1553
2677 2 1554
4413 3 1554
7350 3 1555
5726 2 1556
4712 4 1557
6534 3 1558
3327 1 1558
2636 4 1559
1848 2 1561
6584 5 1562
1721 1 1563
4528 4 1564
6173 2 1566
5898 1 1568
1488 2 1568
3157 1 1570
6274 4 1570
5475 3 1573
1695 5 1575
344 3 1575
46 4 1576
2815 4 1576
1432 1 1579
3407 1 1580
7415 1 1583
4531 4 1583
7643 3 1584
5102 4 1585
1146 3 1586
7934 1 1587
211 1 1587
4870 3 1588
6936 3 1590
7429 5 1594
899 5 1594
1265 5 1595
5796 1 1595
2304 2 1598
1035 5 1599
5209 1 1599
1627 1 1600
2251 3 1600
625 1 1602
3931 1 1603
3462 3 1603
470 5 1607
7804 1 1607
6401 4 1609
6790 1 1610
4011 4 1615
3456 2 1615
2948 4 1616
7729 5 1617
6533 2 1617
3805 3 1619
30 1 1620
3526 4 1620
2617 1 1622
4053 5 1622
3291 1 1623
914 4 1623
2820 1 1624
1074 3 1625
2826 4 1627
6556 4 1628
5540 2 1630
2177 3 1630
4965 2 1631
7175 2 1631
5097 2 1632
7798 2 1632
549 4 1633
4180 4 1634
4640 5 1634
4664 4 1635
3607 3 1635
2621 5 1639
6577 2 1639
3921 4 1640
3510 2 1640
5272 5 1641
250 5 1644
2365 1 1644
6764 4 1646
648 1 1647
507 3 1647
4309 5 1649
7067 4 1649
5065 2 1650
2341 4 1650
1853 1 1651
1044 2 1651
5521 5 1653
1188 5 1653
56 3 1654
6488 1 1656
6044 1 1659
1237 4 1660
5571 1 1660
1928 1 1662
4621 4 1663
7760 2 1664
2625 1 1664
3436 4 1665
5415 5 1667
5625 5 1668
5423 4 1668
3938 5 1671
7495 1 1674
2465 1 1675
76 2 1676
7556 5 1676
5863 5 1677
1990 2 1682
3430 4 1682
1194 2 1683
2996 4 1683
1227 1 1685
155 1 1688
392 5 1688
6368 5 1689
499 2 1690
958 2 1690
2248 2 1692
1360 5 1692
3596 2 1693
654 5 1693
171 1 1694
4644 1 1694
7372 2 1699
1917 3 1699
4946 4 1700
4665 2 1700
7087 3 1702
179 5 1702
2348 4 1704
4122 2 1705
7860 2 1708
2297 1 1708
3751 1 1711
4211 1 1716
6703 2 1716
2092 5 1718
7714 5 1718
2665 3 1719
6477 1 1720
3669 1 1721
957 4 1721
6568 4 1722
6361 4 1722
3428 4 1723
5142 4 1723
5159 1 1725
7040 2 1725
3387 2 1726
6099 4 1728
3682 3 1728
2393 3 1729
2291 3 1729
1035 5 1731
2982 4 1732
4794 5 1732
4316 3 1733
4900 5 1733
7327 3 1735
2660 5 1738
3416 3 1739
7189 5 1740
115 1 1741
4371 4 1741
6715 3 1742
7467 4 1742
4885 4 1743
4484 4 1745
4146 1 1745
6108 2 1746
4255 3 1746
2772 4 1747
4938 2 1747
6097 3 1751
7569 3 1751
1738 5 1752
2521 3 1753
7912 1 1753
5387 5 1754
4906 1 1754
1155 4 1755
6992 3 1755
6677 2 1756
947 2 1757
5355 1 1759
4009 3 1762
2072 1 1763
219 4 1765
6559 2 1767
5167 3 1767
5983 3 1769
3331 3 1771
2550 1 1773
5713 4 1773
6667 3 1774
2915 3 1775
7275 2 1775
101 3 1778
7330 2 1780
6331 5 1780
7437 4 1782
5550 2 1783
3178 2 1787
4953 1 1788
2059 1 1793
3970 1 1793
7652 5 1794
6696 1 1794
1065 2 1795
6811 3 1796
3756 3 1796
6974 5 1799
624 2 1799
1112 2 1804
7166 3 1804
7441 2 1805
6563 4 1805
4776 1 1806
1771 5 1806
4562 2 1807
6854 4 1811
7054 5 1812
485 2 1812
4615 4 1814
7059 3 1814
2008 4 1815
3587 3 1815
6754 2 1816
5484 4 1816
6488 5 1817
3702 3 1818
4806 5 1818
7140 3 1819
3326 5 1819
2413 2 1820
1219 2 1820
2817 2 1822
6334 2 1824
2597 3 1824
6835 1 1825
5618 3 1825
1975 5 1826
5960 2 1828
4885 4 1829
5377 2 1832
7887 2 1832
6283 4 1833
1361 2 1833
4858 3 1834
7905 3 1834
5502 5 1836
4215 1 1836
1006 3 1839
5597 3 1842
7252 3 1843
1022 1 1845
3231 5 1845
7576 4 1846
686 5 1846
2897 2 1847
4665 5 1850
3225 2 1852
5605 2 1853
4717 4 1853
3663 2 1854
6812 2 1854
5608 5 1855
2666 1 1855
5516 5 1856
3498 2 1856
4548 1 1857
891 1 1858
3487 3 1859
2366 3 1859
7422 2 1860
3142 2 1861
6345 4 1861
214 5 1863
1673 4 1865
7794 5 1865
1668 5 1866
1836 2 1866
1682 2 1868
7685 5 1870
926 2 1871
5651 4 1871
1564 1 1875
6281 1 1876
7777 4 1876
5812 3 1877
5757 1 1877
5011 4 1878
7317 4 1878
4299 2 1879
495 5 1879
3892 3 1882
4463 2 1884
627 2 1884
3947 5 1885
601 4 1885
1109 3 1886
5408 1 1886
1486 2 1888
4095 1 1888
5820 1 1890
961 5 1890
6183 2 1891
1677 5 1891
1968 1 1892
7595 4 1892
5661 3 1893
1998 3 1894
4945 5 1894
7004 3 1895
1098 4 1896
6671 1 1897
1936 4 1899
4752 3 1901
2108 2 1901
3391 5 1903
6508 4 1905
2118 5 1907
747 4 1907
3480 4 1908
7906 3 1909
570 1 1909
67 1 1912
1936 1 1912
3702 4 1914
1677 3 1917
1801 4 1918
3173 5 1919
3321 3 1919
6312 4 1920
3821 4 1921
3236 1 1921
6272 1 1922
5921 5 1922
3295 2 1924
247 5 1929
3275 4 1929
529 1 1930
6065 5 1931
4896 2 1932
1616 2 1932
2805 5 1933
6971 5 1933
4263 4 1934
7242 5 1934
5685 1 1935
6866 3 1935
2210 2 1936
6515 3 1937
939 5 1937
4153 4 1939
6157 5 1940
4307 3 1940
3224 5 1943
5827 5 1943
7457 2 1944
394 4 1947
4205 1 1947
5852 2 1948
7595 1 1949
4532 1 1949
4799 1 1950
5437 1 1951
5866 2 1951
1144 2 1952
837 1 1953
438 5 1957
1940 5 1960
6561 1 1960
7222 1 1962
5111 5 1962
1132 4 1963
2422 4 1964
1212 4 1965
407 4 1965
911 5 1968
7162 5 1968
7890 1 1969
1785 3 1969
1545 4 1970
4337 1 1970
4829 1 1974
1865 2 1978
518 2 1979
3009 1 1980
7434 4 1981
1347 2 1983
2588 4 1985
4254 4 1987
124 1 1988
6385 1 1988
3602 5 1989
5853 2 1990
3947 2 1991
4061 1 1993
7675 4 1993
7349 3 1994
7471 4 1995
697 4 1997
6097 1 2000
4678 5 2000
4537 5 2001
3275 1 2004
7352 3 2004
5751 5 2005
403 4 2005
4581 1 2006
4130 2 2009
406 3 2010
6851 5 2010
7024 5 2011
1953 3 2013
5406 2 2014
7993 4 2015
1488 4 2015
4497 1 2017
7233 1 2018
6579 4 2018
7304 1 2020
6826 1 2020
2120 1 2021
6474 1 2021
2489 2 2022
923 4 2029
3958 3 2030
5246 3 2033
4679 4 2034
6803 5 2034
489 2 2036
6769 1 2036
5734 1 2037
5463 4 2038
75 2 2038
4678 2 2039
1046 4 2039
3708 3 2040
5211 1 2042
2013 3 2042
5634 2 2044
4201 3 2044
3701 4 2045
5111 1 2046
5590 3 2047
7766 1 2047
3627 1 2049
4033 4 2049
5993 1 2050
4511 4 2051
7277 3 2051
1032 4 2052
3416 2 2052
700 4 2053
7380 1 2053
23 4 2056
7991 3 2058
4267 1 2058
2331 2 2059
3925 3 2061
3875 3 2061
4785 2 2062
2383 2 2062
7158 5 2065
885 1 2065
1311 1 2067
163 5 2067
2711 1 2068
674 5 2069
3203 2 2069
1756 2 2070
2949 2 2072
4261 3 2073
2557 4 2073
2085 3 2077
6663 2 2078
1017 2 2078
6672 2 2079
6927 1 2079
4785 2 2082
2378 2 2083
7382 3 2083
4844 1 2085
4732 2 2085
7392 3 2086
4561 5 2087
2914 3 2088
5567 3 2089
5687 1 2092
3872 4 2092
5930 1 2093
5466 5 2094
484 5 2095
5630 1 2095
5753 1 2096
6714 4 2096
4246 1 2097
7791 1 2098
853 2 2098
6564 4 2099
3808 3 2100
4133 2 2100
5891 3 2102
2812 4 2103
1256 2 2103
7841 2 2105
2210 5 2105
4965 3 2106
484 1 2107
6526 2 2109
4672 5 2109
1341 1 2110
7118 4 2111
809 4 2111
2094 4 2112
2676 4 2113
2917 1 2113
4698 5 2115
4207 3 2116
5121 4 2117
680 2 2117
5620 5 2121
6409 1 2122
7489 1 2123
2963 5 2123
2167 1 2124
2695 4 2125
4166 2 2125
7132 1 2126
2112 4 2128
3088 1 2128
766 1 2129
219 5 2130
7083 3 2130
1735 1 2133
2655 5 2133
981 2 2134
582 1 2136
2454 4 2136
7920 3 2137
6799 4 2139
6689 2 2140
7943 2 2140
5613 1 2141
4564 3 2142
3245 4 2143
2739 5 2143
6571 1 2144
4324 5 2145
1425 1 2147
5359 1 2151
6593 3 2152
2767 5 2152
1899 3 2153
1632 3 2153
2780 2 2154
6567 1 2155
6036 5 2155
2827 4 2156
5281 1 2156
6901 1 2157
7750 5 2157
116 5 2158
1345 2 2159
1995 3 2159
4750 1 2160
1249 2 2161
7385 4 2162
433 2 2162
337 5 2163
616 4 2163
5094 5 2164
4061 5 2164
3477 2 2165
1669 2 2165
101 1 2166
4479 5 2168
3176 5 2168
4388 3 2169
7118 4 2170
2565 5 2170
4446 1 2171
3604 1 2172
5613 2 2172
63 4 2173
63 3 2174
5077 5 2175
4062 5 2175
7534 1 2176
3879 1 2176
1684 3 2179
2384 5 2179
937 4 2180
283 2 2181
1754 4 2181
6426 2 2182
4439 2 2182
5451 4 2183
177 5 2183
5437 3 2185
5108 5 2191
6309 2 2191
4594 5 2192
2666 1 2192
589 2 2193
4791 2 2193
2419 2 2194
5545 3 2195
2098 1 2196
2567 3 2196
6116 1 2197
4056 3 2198
6049 1 2198
5921 5 2199
4760 1 2200
7492 1 2202
4914 5 2203
7026 1 2205
5138 3 2206
7788 2 2206
1502 5 2208
6521 3 2209
5499 4 2209
439 3 2210
1716 2 2210
7872 5 2211
7921 2 2214
4746 5 2214
3852 5 2215
2516 2 2217
2142 4 2217
7455 4 2218
2767 2 2218
3045 3 2219
3798 5 2219
5847 4 2222
4702 4 2222
6360 2 2223
3959 2 2223
645 4 2224
1715 3 2225
3431 1 2226
4063 1 2228
4439 5 2228
4820 5 2229
3060 5 2229
7863 5 2232
1616 4 2232
675 4 2233
2712 4 2234
5421 4 2236
1334 3 2237
4495 1 2240
6008 1 2241
1368 2 2241
5536 2 2242
4931 4 2242
5013 5 2243
2322 1 2244
1569 3 2248
4233 4 2249
3209 5 2250
7644 5 2251
420 5 2251
6526 2 2252
4785 4 2254
4823 1 2257
1501 2 2259
6423 5 2259
3700 4 2261
3005 3 2264
3560 3 2265
6686 4 2266
5332 5 2267
7782 4 2267
6270 3 2268
7582 1 2268
375 1 2270
1517 3 2270
7007 4 2271
4018 2 2272
6698 1 2272
6374 4 2274
4230 1 2274
5326 2 2279
1640 3 2280
3558 5 2281
7589 3 2281
2842 2 2283
311 2 2285
2842 4 2285
6463 4 2292
3983 3 2292
2946 2 2293
5551 2 2298
5289 4 2298
4507 1 2299
3057 5 2301
7886 4 2301
486 3 2302
982 1 2303
2021 2 2303
4155 5 2304
945 4 2305
4241 5 2305
289 4 2306
5284 5 2307
50 1 2308
644 3 2309
1065 2 2309
1767 5 2310
6156 1 2310
3880 2 2313
2424 2 2313
6685 3 2315
3711 1 2316
4223 2 2317
2761 4 2318
1528 1 2318
2590 4 2321
6802 1 2322
2043 2 2323
5229 2 2323
1108 3 2324
687 2 2325
4863 4 2326
1244 1 2326
2421 5 2328
6319 2 2328
2832 5 2329
3504 4 2330
585 4 2330
7737 2 2332
5012 1 2333
3424 4 2333
6402 3 2334
5245 5 2336
5651 3 2336
3567 1 2337
5912 4 2340
6482 4 2340
2734 3 2341
1482 2 2342
5754 4 2343
4613 1 2343
3322 3 2344
6421 1 2345
4461 2 2345
1436 1 2347
7968 4 2347
6981 5 2349
1018 4 2351
4132 2 2354
5883 5 2354
5086 1 2355
3886 2 2357
2460 5 2357
5764 4 2360
4208 5 2360
5074 1 2366
3844 1 2368
3830 2 2368
6271 1 2369
4583 5 2371
7938 1 2372
7636 5 2373
1346 1 2373
7959 4 2374
7747 4 2375
3487 5 2375
1452 2 2378
161 1 2378
7270 1 2380
6925 2 2382
