1000 100
55 530 1
77 201 1
83 127 1
29 678 1
16 578 2
4 966 3 79
36 1 2
35 321 1
23 440 1
85 618 3 71
70 287 1
76 632 3 52
12 591 2
26 546 2
29 252 3 75
54 784 1
91 724 1
62 47 3 15
56 79 3 97
78 312 1
36 181 2
95 314 1
66 627 2
56 632 1
91 314 1
80 840 1
63 546 1
36 619 2
81 463 3 2
68 606 1
24 83 1
8 182 3 19
8 631 3 2
76 128 3 33
96 845 1
81 660 2
94 105 2
36 260 2
38 345 3 52
82 606 3 53
48 885 1
64 596 2
15 329 1
25 118 3 61
82 327 1
57 335 2
5 212 3 78
44 535 1
62 678 3 73
91 629 1
98 483 2
61 919 3 76
23 140 2
72 664 3 97
4 455 2
78 21 3 50
97 932 1
27 672 2
74 402 1
92 723 1
25 863 2
98 562 3 36
10 599 1
95 804 3 36
38 660 3 95
90 202 1
31 834 3 86
51 636 1
59 939 3 39
39 864 1
15 334 3 61
88 979 2
35 445 2
9 672 3 60
91 368 1
67 301 1
60 649 3 15
99 50 2
11 242 2
83 110 1
85 744 3 25
30 641 2
4 784 3 76
24 666 1
84 859 3 33
78 296 3 48
84 844 1
58 276 1
31 875 3 33
49 982 1
72 430 3 7
62 530 3 6
76 379 3 75
29 440 3 7
91 399 1
73 349 2
38 296 3 89
96 218 2
16 372 1
8 858 3 65
