1000 100
16 962 2
3 409 3 72
18 306 3 43
28 425 3 12
70 791 2
68 288 3 35
16 804 1
17 694 1
5 307 1
94 974 2
73 213 3 20
90 503 1
95 754 2
82 392 1
46 803 3 78
96 195 2
89 595 3 73
42 433 1
59 907 2
26 206 1
5 911 2
26 222 2
64 333 1
4 479 3 56
41 318 2
100 750 3 19
62 809 2
68 766 3 63
69 583 1
52 308 1
9 759 3 67
74 114 2
11 731 3 35
64 742 2
56 191 2
92 865 2
29 637 3 84
62 853 1
5 898 2
100 241 3 13
97 700 3 87
84 295 3 16
60 827 2
57 872 3 90
40 368 3 68
56 837 2
95 473 2
80 667 2
33 291 1
46 862 3 21
91 137 1
82 960 1
46 538 3 39
75 250 3 36
63 400 2
81 892 1
99 233 3 7
10 728 2
49 703 2
88 10 2
19 175 2
82 312 1
53 127 2
32 112 2
85 636 3 81
63 587 1
91 89 3 41
45 805 3 91
91 139 2
34 867 2
54 699 3 64
39 587 2
39 712 3 10
92 876 1
69 620 3 28
13 165 3 88
90 680 2
15 712 2
28 747 3 40
32 275 2
27 782 2
43 64 3 3
27 36 3 66
59 728 1
54 52 1
89 39 3 92
54 924 1
92 411 2
13 167 2
92 182 3 90
51 445 1
6 915 1
32 12 2
95 313 1
7 116 1
91 234 1
22 245 3 79
1 686 2
47 293 3 8
32 477 2
