1000 100
78 162 1
13 637 2
28 729 3 17
74 671 1
61 370 3 26
77 703 1
9 800 1
7 583 3 81
55 404 2
78 896 3 89
22 926 3 23
63 987 2
25 424 1
99 692 1
17 378 1
9 713 2
80 414 2
40 445 3 96
26 412 3 99
22 97 1
93 252 3 43
49 406 2
20 606 3 43
9 890 1
46 27 2
42 361 2
45 871 2
46 677 3 99
82 456 2
7 663 2
12 73 2
86 895 1
24 179 3 73
10 683 3 8
34 142 2
66 667 3 4
93 989 2
55 927 2
32 369 3 77
30 882 1
96 404 1
63 575 3 71
81 167 1
42 91 1
30 725 2
63 852 1
78 199 3 70
84 241 1
95 936 2
73 44 3 30
11 457 1
51 57 2
13 395 3 82
68 867 3 15
100 880 1
60 699 2
14 939 2
65 314 2
14 999 2
87 53 2
22 796 3 32
46 817 1
94 324 3 14
4 643 2
86 689 3 48
64 202 2
29 705 2
95 516 3 76
14 342 3 62
4 731 2
23 20 1
69 166 3 93
13 494 1
59 784 1
45 27 2
76 757 1
80 307 3 74
5 818 2
53 698 1
98 267 1
62 54 2
41 666 2
38 828 2
85 573 1
31 811 1
25 597 3 60
53 890 1
19 998 2
63 468 1
92 793 1
38 136 2
34 505 2
8 171 1
97 151 3 4
88 211 3 40
82 500 1
35 319 3 25
80 662 2
10 511 2
7 956 3 31
