800 80
33 412 1
36 609 2
65 248 3 31
24 53 2
95 166 3 69
20 255 3 97
38 301 1
24 224 1
40 287 3 95
30 81 2
12 563 2
30 585 3 76
74 162 1
8 531 2
45 172 1
66 383 3 17
96 400 1
36 548 3 9
30 181 2
63 79 2
44 285 1
98 703 3 32
34 723 3 9
24 186 3 25
19 787 1
53 594 2
46 782 3 82
33 374 2
27 303 3 51
24 697 1
58 349 1
50 716 1
89 379 1
50 695 3 45
6 583 2
10 3 3 48
38 751 2
17 345 2
55 137 2
81 674 1
25 18 3 48
30 356 3 31
72 418 3 14
91 465 1
67 345 1
88 652 2
54 860 2
38 568 1
70 304 3 21
27 717 2
87 815 1
6 532 3 9
43 826 3 94
56 267 2
26 996 3 63
62 169 2
73 309 2
57 768 3 86
10 8 3 55
75 461 2
22 366 3 1
82 680 2
72 70 1
41 453 2
52 475 1
72 40 3 20
44 174 3 58
73 25 2
21 812 3 42
59 825 1
32 627 2
66 931 3 62
51 659 2
93 395 3 84
95 503 2
70 371 2
79 807 3 99
7 187 1
5 562 2
94 68 1
