1000 100
67 956 3 64
96 264 1
77 449 1
97 710 3 26
22 845 3 84
29 805 3 99
20 193 3 68
27 562 1
20 822 2
52 634 1
80 216 2
59 697 1
9 714 3 72
74 334 1
15 520 3 98
63 256 2
12 727 1
55 637 1
58 667 3 25
23 711 3 62
44 667 3 52
42 434 1
6 810 3 72
71 349 1
78 689 3 17
70 675 2
81 104 3 29
90 963 3 92
45 162 2
48 124 3 22
61 904 2
36 309 1
29 174 3 89
66 133 1
10 658 1
96 148 1
52 493 2
57 542 1
45 165 2
89 548 2
6 975 2
65 341 1
76 501 2
88 898 1
12 268 3 57
39 85 3 27
74 898 3 96
87 153 1
82 474 1
94 600 1
48 156 1
60 890 1
99 568 2
76 350 1
35 53 3 51
81 570 1
26 486 3 89
73 642 2
88 356 2
36 850 3 58
1 830 2
73 154 3 28
5 223 1
3 613 3 25
85 178 1
42 966 3 73
63 340 1
47 841 3 46
94 82 2
90 100 2
26 34 2
19 48 1
81 299 2
35 700 2
90 202 2
50 427 3 29
80 628 2
54 606 2
49 331 2
62 439 2
96 107 2
28 281 3 49
71 350 2
78 921 2
42 1 2
67 284 1
50 82 3 85
35 988 1
52 434 3 41
88 464 1
69 330 2
98 137 3 61
56 713 2
38 86 3 53
41 37 2
94 945 3 69
94 737 1
18 279 3 78
21 518 2
95 878 2
