300 50
24 341 3 57
124 863 1
115 236 3 52
147 738 3 84
156 693 3 53
71 35 1
113 603 1
29 816 2
100 444 1
82 135 3 17
22 889 1
33 754 3 48
143 416 3 5
64 22 1
85 445 1
127 238 1
115 546 1
172 875 3 25
90 185 1
165 784 3 46
33 598 2
17 222 1
191 271 3 15
158 751 1
16 887 3 24
144 628 3 57
28 831 1
122 356 1
170 696 2
86 889 2
198 874 1
157 986 1
96 369 1
138 861 2
93 297 1
56 152 1
43 828 2
107 841 2
96 311 1
28 862 3 67
1 741 3 61
66 407 2
130 30 2
10 155 3 25
71 901 2
87 992 3 54
92 251 1
181 202 1
163 774 2
200 690 1
