1000 100
156 743 2
184 716 2
181 153 1
55 549 1
86 225 1
3 190 1
101 186 2
195 834 3 32
98 917 1
115 987 2
9 993 3 26
164 304 2
73 357 3 73
174 998 3 77
117 930 1
79 385 2
78 240 3 28
36 743 1
100 382 1
13 87 3 8
86 889 3 84
43 960 3 50
32 934 1
16 891 3 40
148 280 1
60 5 3 35
28 729 1
103 502 1
200 581 3 76
144 482 2
27 748 1
163 32 3 17
117 282 2
177 978 1
56 652 2
69 908 2
167 610 2
182 663 1
48 844 3 59
40 622 2
102 232 1
47 916 2
157 542 2
37 251 3 18
25 183 2
91 785 1
106 709 2
6 489 3 29
44 546 3 81
24 113 3 81
33 529 3 43
188 200 2
30 777 3 79
77 416 1
145 257 2
176 3 1
193 123 1
113 910 3 1
152 100 2
76 958 3 66
162 470 2
138 136 3 8
173 25 1
67 128 3 25
108 583 1
11 945 1
7 97 2
159 58 3 42
132 461 1
72 611 3 35
162 364 2
123 180 1
124 67 1
154 524 3 79
57 411 3 38
132 773 2
166 573 3 29
199 922 2
26 841 3 13
8 466 2
39 317 2
8 790 2
114 152 2
149 400 3 44
181 713 2
24 738 1
133 745 3 91
68 487 2
132 369 2
180 528 1
147 503 1
99 682 3 53
123 965 2
196 841 3 45
51 289 3 76
194 632 2
101 500 2
163 459 1
53 329 3 15
6 983 3 9
