1000 100
116 674 2
108 736 3 75
25 361 2
6 355 3 47
87 180 3 90
121 696 1
115 147 1
75 354 1
60 459 1
199 764 2
113 6 2
61 921 1
147 200 2
169 420 2
138 340 1
122 399 2
12 617 1
98 348 3 26
79 487 1
186 625 1
140 525 2
171 488 1
179 712 3 63
70 608 1
194 347 2
79 454 3 87
182 35 1
74 693 2
40 811 1
21 378 1
118 634 3 23
118 373 3 5
7 807 3 64
51 175 2
143 552 3 23
183 585 2
90 633 1
170 454 1
102 208 1
106 684 1
8 962 1
114 236 2
8 105 1
121 151 3 14
2 546 1
8 103 3 20
122 657 3 73
40 292 2
114 654 3 5
97 645 3 20
179 448 3 91
13 441 2
68 192 2
158 579 1
188 371 1
171 230 3 15
70 350 2
184 207 1
161 21 3 18
166 964 3 69
71 39 2
20 706 2
18 103 1
136 469 2
188 306 2
163 793 3 92
59 71 3 91
31 747 3 72
83 5 3 1
41 600 3 91
85 441 2
200 213 1
95 15 1
145 546 3 22
157 201 2
57 405 3 31
188 370 3 53
52 544 1
30 734 2
38 823 3 52
49 975 3 45
114 964 3 73
30 209 1
31 770 3 97
136 784 3 44
189 129 1
86 568 1
63 599 1
20 279 1
185 408 3 73
181 117 3 50
127 643 2
64 927 1
2 20 3 91
7 9 3 91
86 185 2
14 488 3 73
24 331 2
81 224 3 1
107 241 3 10
