1000 100
193 165 2
141 271 3 97
59 36 1
8 329 2
1 757 3 51
142 200 3 93
143 246 3 54
66 215 3 58
124 636 2
27 573 3 65
63 1 1
15 861 3 56
47 985 1
48 712 1
165 974 3 57
178 263 2
43 741 1
20 261 1
8 37 1
91 896 3 60
159 256 2
178 985 1
34 160 3 47
7 301 3 88
143 759 3 100
158 282 1
76 432 3 31
92 880 1
180 23 2
53 39 3 9
74 899 2
142 218 3 16
188 77 2
136 963 2
42 155 2
176 146 1
150 674 2
160 98 2
99 566 3 15
52 985 2
77 725 1
65 531 2
103 368 1
189 211 2
129 264 3 48
24 506 3 24
85 632 3 14
137 968 2
138 968 1
190 498 1
8 336 2
34 406 1
88 273 3 59
69 368 1
62 211 2
121 341 3 13
102 7 1
183 853 3 42
15 552 2
90 864 3 45
124 526 3 24
186 816 1
177 210 2
146 815 2
153 874 3 75
19 824 1
138 81 1
129 706 1
177 991 2
167 653 1
29 399 2
147 159 3 88
187 704 3 95
184 722 1
18 222 2
161 682 3 35
64 181 1
167 336 2
29 604 3 30
163 397 1
56 255 2
191 857 3 44
200 987 1
72 894 1
55 803 1
7 941 2
102 301 1
159 127 2
89 729 2
97 117 2
68 883 1
129 444 2
121 181 1
116 210 1
59 931 2
31 885 2
64 152 2
58 538 3 30
9 239 3 56
13 736 2
