800 80
60 83 3 99
80 766 3 25
27 370 3 62
103 231 1
140 586 3 9
36 206 1
175 24 1
110 823 1
102 429 1
93 108 2
170 299 1
158 534 3 65
107 364 3 98
192 649 1
162 358 3 70
152 138 2
5 695 2
70 502 2
65 673 1
98 713 3 36
86 171 1
73 38 1
83 152 1
16 270 2
163 101 2
111 174 2
80 88 3 33
50 861 3 51
172 591 3 15
159 943 1
154 986 1
49 708 3 47
49 245 3 81
189 271 1
24 266 2
194 285 2
15 363 3 49
111 949 3 67
52 341 3 9
161 424 1
117 89 3 61
65 250 1
67 712 2
70 426 2
52 126 1
175 37 2
60 564 3 64
55 710 3 62
47 173 1
44 805 2
106 420 1
194 680 3 7
180 760 1
80 728 3 32
141 410 3 98
86 147 2
139 9 1
78 736 3 89
113 291 3 11
71 295 3 99
61 91 1
57 268 3 42
73 408 2
155 2 1
125 106 3 72
10 896 3 90
56 556 1
105 39 3 64
24 241 2
114 300 3 72
75 375 3 95
61 190 2
79 542 1
154 645 2
10 722 2
64 855 3 92
153 544 1
187 48 1
89 30 2
102 825 1
