1000 100
27 272 1
60 1 3 11
43 424 1
143 449 1
148 182 2
61 785 2
54 43 1
103 145 3 90
35 951 1
181 862 3 52
66 739 1
104 196 3 29
69 867 3 2
71 386 2
158 617 3 54
80 997 3 37
22 683 2
9 809 1
115 123 3 99
111 279 2
81 364 2
190 378 3 38
55 892 3 90
2 890 1
19 457 3 53
29 748 3 7
63 843 1
106 664 1
13 170 3 4
123 75 1
49 250 3 21
95 101 2
164 497 2
117 266 2
195 171 3 26
185 918 2
5 589 1
82 724 1
14 234 3 39
44 733 2
12 28 1
102 86 2
108 436 3 34
103 817 3 41
101 692 3 25
176 756 3 69
189 263 1
9 458 2
160 709 2
181 326 1
158 790 1
159 499 3 29
140 590 1
64 404 2
170 285 3 49
193 370 1
46 898 3 31
130 309 2
8 746 3 86
178 498 1
5 813 2
157 957 1
158 466 1
171 94 3 53
60 459 3 49
103 825 2
152 3 1
18 931 3 37
40 33 2
94 160 2
125 400 2
69 30 3 91
61 909 1
138 353 3 91
170 717 2
53 445 1
36 259 1
196 69 2
150 308 2
131 948 2
80 142 2
106 440 3 15
49 261 2
157 501 2
38 289 1
182 517 3 42
86 974 2
103 196 3 49
73 615 3 58
132 610 1
127 543 2
117 211 3 53
5 331 1
66 524 1
70 822 2
156 112 3 36
16 790 3 89
176 323 2
111 608 2
112 400 2
