500 60
184 541 3 88
50 88 2
33 71 1
123 807 1
153 632 1
185 655 1
1 703 3 57
199 923 2
23 537 1
62 181 2
181 304 3 91
72 956 2
94 871 2
158 673 3 89
16 71 1
65 263 1
166 753 1
18 486 2
170 29 3 16
83 420 1
24 938 1
148 528 2
21 580 2
62 665 1
123 931 1
142 810 1
42 408 3 15
53 496 3 4
195 851 1
96 412 1
185 572 1
47 672 1
182 290 2
66 103 3 99
57 527 1
7 998 1
158 47 3 56
25 884 1
35 138 2
126 657 1
194 585 1
66 582 1
136 390 2
105 908 1
155 385 3 20
66 164 3 36
197 77 3 79
11 870 2
28 299 1
180 665 1
40 706 3 90
28 587 2
189 916 3 73
190 220 3 25
51 962 2
111 635 2
103 808 1
128 119 2
142 159 3 92
153 975 1
