1000 100
17 103 2
75 565 1
154 369 3 83
168 843 1
144 710 3 64
163 900 3 28
117 75 1
47 400 1
44 683 3 23
198 182 3 98
85 268 3 44
160 76 2
130 567 3 42
124 454 3 8
166 897 3 68
27 45 2
44 62 3 70
9 601 3 61
142 817 2
177 827 2
38 50 1
98 457 3 93
192 730 2
163 978 2
8 678 2
95 157 2
43 983 1
127 252 2
70 848 3 81
92 386 2
24 871 2
79 170 1
74 5 1
149 840 3 58
176 15 2
173 748 2
61 386 1
90 805 3 80
186 700 1
90 918 3 13
53 590 1
190 830 2
153 846 2
148 802 3 94
133 136 1
121 772 1
58 890 3 24
33 695 2
44 68 2
76 967 3 57
114 846 3 63
152 431 3 82
124 743 3 48
69 958 1
134 534 3 27
193 238 3 70
56 631 1
166 302 2
175 773 1
129 32 2
174 694 2
89 447 2
149 310 2
170 992 1
173 406 1
139 68 1
74 818 1
133 600 1
64 419 1
196 529 1
135 997 3 66
172 685 2
5 521 1
141 431 3 25
98 604 3 52
152 565 3 72
160 959 2
200 53 3 45
6 347 2
174 314 2
164 700 1
28 643 2
116 108 2
56 989 1
82 856 3 4
53 638 2
137 593 2
62 115 3 73
73 79 2
97 645 1
189 421 3 51
81 178 3 62
140 5 2
99 853 1
123 242 3 35
115 528 1
112 808 2
80 743 3 96
151 703 2
174 504 2
