10000 100
488 78
310 45
306 62
1 3
225 38
360 92
280 44
483 16
216 28
320 60
365 85
475 80
12 32
144 4
421 97
173 63
264 74
322 32
211 92
166 36
74 59
413 25
131 56
293 20
120 76
393 73
425 1
420 38
360 25
74 83
470 55
11 80
324 42
436 95
196 94
205 20
34 54
149 93
85 14
170 76
472 30
400 36
262 18
268 32
150 85
440 15
225 64
377 21
143 48
157 2
386 26
151 29
67 2
448 28
315 14
225 75
461 91
440 41
362 36
478 32
226 71
276 11
444 37
478 68
124 97
366 26
313 53
342 2
430 36
99 72
209 29
226 36
34 69
205 3
271 27
286 39
138 75
99 62
61 89
336 20
249 73
168 51
476 51
374 62
126 39
106 9
454 86
79 68
6 76
459 56
115 70
467 89
144 31
293 58
302 13
69 86
263 32
221 86
40 58
49 30
