10000 100
224 43
170 33
208 98
230 52
73 21
88 48
251 15
183 98
465 95
420 63
423 64
64 57
291 60
394 98
441 45
176 51
133 76
37 10
344 88
478 89
105 92
264 94
352 59
31 2
247 36
352 43
82 21
385 82
343 92
24 67
60 7
308 96
295 87
138 18
101 15
62 33
202 16
195 39
83 38
174 30
465 24
301 14
488 1
493 23
257 57
119 87
486 39
186 62
399 22
383 97
171 42
499 50
287 61
479 1
491 86
44 55
25 72
9 84
20 78
192 96
463 2
296 10
294 86
214 11
57 68
376 73
181 36
329 37
298 96
420 52
305 27
400 72
264 17
334 42
491 96
463 34
168 60
490 77
260 37
98 42
326 11
108 92
31 40
426 15
375 68
202 44
108 47
9 42
405 39
135 40
360 54
257 17
123 77
188 20
462 61
22 67
398 35
246 16
29 24
231 71
