10000 100
82 13
209 46
452 56
27 27
79 100
131 23
175 53
291 10
166 72
188 46
209 83
237 29
377 43
22 61
95 73
200 75
275 76
204 79
361 30
463 92
40 47
50 23
28 36
497 71
27 72
63 62
398 13
431 86
251 34
281 19
352 35
89 70
291 38
401 52
229 13
449 29
177 54
312 52
192 24
127 32
354 92
76 11
454 44
167 62
385 30
18 66
441 49
275 81
426 75
25 78
44 47
470 54
306 9
127 93
135 43
463 99
33 44
357 40
180 59
215 88
328 36
318 53
431 7
45 2
68 67
433 32
151 88
229 40
181 85
231 77
283 41
417 81
299 41
487 3
32 96
330 99
340 36
101 89
468 76
236 26
320 35
302 41
29 82
222 23
201 89
384 21
368 69
168 42
436 7
402 25
75 37
424 91
163 47
452 56
165 11
227 37
247 31
354 86
428 52
398 88
