8000 80
387 20
471 47
219 44
267 59
414 91
489 12
450 95
119 34
132 48
425 64
76 80
105 79
413 44
305 79
88 60
330 46
167 71
463 28
41 85
269 82
405 10
215 94
275 26
179 17
132 69
360 31
284 73
491 56
491 5
94 56
346 21
231 25
311 8
104 67
6 39
64 23
395 47
282 58
213 82
469 82
235 80
306 38
352 79
41 27
327 24
471 46
71 95
234 5
440 49
441 16
100 53
343 16
190 10
138 19
266 15
482 5
252 57
90 98
248 66
1 79
31 26
288 37
251 31
2 73
137 95
208 31
33 97
422 100
395 86
463 91
500 75
199 28
329 98
164 60
202 72
18 87
241 24
93 87
380 18
61 51
