10000 100
347 38
312 93
35 81
101 98
343 78
251 6
355 33
495 51
200 76
427 35
173 46
320 55
362 13
118 86
419 72
188 86
39 77
69 30
282 42
370 25
351 28
52 34
158 28
132 57
252 90
254 67
408 24
165 7
58 22
463 13
26 14
58 18
492 41
60 23
112 87
272 32
140 83
169 21
475 96
412 97
389 73
310 35
104 76
103 55
304 31
433 23
410 78
322 26
33 15
320 35
38 13
455 5
329 20
87 26
488 28
199 55
4 57
391 67
255 96
145 82
14 79
479 77
22 16
27 71
457 82
117 14
460 13
462 59
232 17
363 70
93 10
145 35
5 54
290 17
387 34
6 48
63 57
119 9
113 75
348 39
372 84
70 17
29 40
445 99
315 100
212 18
39 24
5 42
149 61
279 10
108 43
90 17
309 63
167 51
290 72
137 23
309 30
252 100
274 57
2 32
