1000 200 20
29 61 9
20 12 6
38 70 5
40 46 5
32 85 12
48 63 5
48 47 7
29 31 4
40 45 19
50 99 10
44 94 4
12 83 14
34 40 2
31 92 5
34 34 3
11 93 17
35 93 9
2 83 16
4 27 11
11 73 19
6 4 18
34 77 3
25 54 2
45 76 19
7 68 13
23 34 9
21 93 12
44 14 10
42 32 15
48 59 4
48 47 10
22 19 1
50 86 8
5 66 14
32 81 16
36 65 18
28 53 9
47 65 13
6 39 5
41 82 13
20 89 7
2 88 9
18 16 2
24 81 8
50 28 7
46 99 14
41 93 15
24 16 18
45 45 13
38 58 4
44 21 3
17 5 5
41 49 18
44 10 16
13 82 4
44 50 4
45 61 18
19 99 10
7 23 12
25 30 11
7 79 5
30 5 3
16 27 16
10 52 16
21 91 5
27 40 2
34 48 16
24 10 12
13 55 1
46 28 17
14 43 8
6 15 5
1 27 11
11 3 10
10 30 17
26 93 2
37 37 14
6 3 3
14 39 12
12 74 8
29 47 12
49 80 5
37 71 10
44 44 5
28 6 15
24 75 5
4 12 1
33 88 14
19 60 3
25 83 5
49 26 2
9 36 11
48 19 18
14 85 6
26 78 12
2 93 14
22 38 16
23 33 13
47 43 18
5 38 13
20 29 8
30 75 7
12 96 7
2 42 4
22 39 20
10 55 18
41 15 5
24 78 7
47 94 14
13 53 8
21 82 14
39 100 2
18 28 13
23 76 19
40 82 2
47 95 10
18 26 14
22 52 2
41 19 15
35 7 11
29 60 10
31 35 1
12 61 13
21 32 4
46 26 20
14 79 11
2 30 4
9 75 3
31 46 6
36 95 15
24 73 20
16 64 4
2 29 18
38 54 19
38 100 8
46 89 9
3 61 6
5 75 4
28 66 16
43 35 9
46 21 4
21 73 14
43 47 6
42 60 8
17 30 8
27 92 11
29 85 18
27 78 6
28 72 12
33 84 12
45 4 10
9 31 9
23 28 5
26 82 3
30 23 13
42 92 19
20 26 4
14 42 15
43 98 16
33 14 9
17 8 8
14 13 3
46 51 7
50 83 4
16 14 7
42 68 18
46 70 17
29 94 9
3 88 9
26 10 3
3 60 15
1 11 4
6 71 11
15 62 13
50 38 6
2 73 8
18 66 18
31 68 8
22 71 5
36 94 16
47 43 19
8 72 2
24 58 1
34 49 4
47 85 14
4 82 14
30 78 11
7 43 15
17 64 7
31 98 3
24 36 8
14 98 16
34 73 3
48 8 5
23 83 4
39 50 10
10 66 10
16 8 2
49 39 13
15 32 6
