1000 1000 100
8 96 63
25 88 12
38 94 44
46 46 56
8 11 34
39 55 92
47 67 96
42 19 7
41 72 7
22 37 91
50 45 44
41 87 18
50 45 44
22 8 50
29 90 90
13 68 27
2 36 87
28 86 29
41 35 73
8 41 22
23 29 51
7 7 27
31 44 28
33 50 84
41 87 88
22 57 15
3 14 45
48 70 62
36 73 48
23 23 25
22 86 49
9 3 67
30 76 2
25 17 68
23 82 25
24 53 58
15 61 24
23 61 56
8 78 56
26 5 100
47 99 21
23 43 65
1 67 51
49 12 96
43 59 56
16 57 55
39 55 56
30 37 6
25 38 91
21 20 30
22 30 89
22 46 75
35 32 93
15 69 26
9 71 65
46 73 95
24 44 10
9 83 72
33 56 50
7 1 3
27 89 12
24 85 74
9 5 10
7 48 94
27 97 23
8 1 86
24 93 76
4 40 75
2 64 81
26 16 16
31 88 71
43 36 56
42 59 17
30 75 72
17 54 88
40 62 51
42 7 56
48 18 98
5 44 43
39 58 58
26 8 77
23 7 90
36 27 18
35 8 88
36 72 10
2 41 93
32 78 59
48 75 33
6 36 37
5 16 27
36 43 45
41 56 44
6 44 27
40 71 16
36 7 73
1 100 17
20 74 12
49 80 15
36 51 7
7 43 44
28 65 95
16 19 47
6 42 22
20 34 61
37 60 1
10 52 80
10 37 36
25 28 43
20 25 28
15 53 58
31 12 27
2 9 29
24 40 64
5 83 81
49 81 54
5 1 84
42 79 3
19 31 42
6 38 10
13 20 72
15 30 100
35 8 40
19 48 14
34 30 12
7 73 13
26 4 30
38 22 75
17 19 59
43 33 50
46 1 16
42 100 55
6 37 73
28 74 78
40 28 91
49 12 50
29 21 91
9 60 29
11 34 44
50 93 3
30 48 97
11 25 67
30 53 96
7 14 63
50 87 97
9 93 79
44 16 42
21 93 39
10 17 85
47 84 33
35 95 16
34 13 10
19 1 98
25 31 43
25 22 6
22 5 89
36 97 96
9 15 48
32 44 3
42 56 18
24 12 38
27 10 10
18 11 81
1 94 57
41 3 28
23 16 39
20 55 85
43 63 100
42 40 58
36 91 75
4 66 97
38 97 91
39 48 43
46 57 47
14 73 61
21 17 49
12 15 54
2 86 46
21 89 15
47 84 23
2 15 57
22 35 71
6 8 52
25 34 15
10 41 32
24 58 85
19 22 83
8 42 65
2 34 28
17 61 74
50 25 21
43 87 47
44 4 15
8 77 55
40 72 23
40 61 59
46 37 95
33 53 62
38 31 71
27 45 42
22 2 38
48 75 7
15 47 23
45 5 36
45 35 10
10 27 71
39 65 88
21 33 85
16 28 7
13 93 14
32 26 82
43 24 4
1 99 93
21 30 48
36 36 8
35 68 81
14 21 27
27 16 31
5 53 39
11 75 21
13 54 63
2 15 15
28 58 60
47 13 55
2 5 57
41 5 68
26 78 20
42 22 49
10 66 70
47 73 67
45 60 32
47 42 5
40 36 94
21 84 87
43 42 8
34 89 65
10 38 13
24 78 69
40 29 19
15 74 27
21 3 94
9 38 19
1 73 89
33 47 18
48 7 34
19 95 100
17 19 45
45 33 86
27 37 11
4 97 80
10 87 36
40 48 7
5 14 49
32 72 23
47 17 13
28 92 36
5 29 35
48 92 38
9 76 48
35 45 44
49 12 85
48 64 24
41 81 51
13 12 58
17 90 80
32 83 38
13 49 9
6 56 15
15 54 37
28 79 5
44 57 90
27 94 49
33 82 82
32 20 8
44 69 22
12 11 16
3 78 97
39 5 58
10 58 5
35 57 63
4 32 81
4 67 71
16 26 34
16 13 95
29 12 3
32 35 60
15 60 83
34 86 98
31 49 95
22 10 44
9 14 57
24 59 43
13 92 54
3 93 22
48 99 17
38 25 11
16 94 82
36 17 35
18 55 29
19 12 99
26 63 74
46 52 3
14 15 39
37 50 7
18 81 28
1 22 96
47 26 56
8 61 87
2 48 29
35 47 5
1 81 1
11 28 6
46 72 26
32 45 84
20 77 79
6 60 84
44 7 95
9 30 79
24 4 95
47 96 89
5 96 37
6 26 29
32 36 60
32 90 80
34 88 90
19 51 49
42 54 17
40 4 55
21 91 80
28 5 8
1 25 73
31 36 55
46 41 57
29 53 8
37 28 5
24 30 32
32 2 41
18 46 67
32 82 16
23 54 7
25 70 46
19 91 53
40 99 84
23 91 80
26 72 29
43 48 96
39 1 87
40 20 53
5 13 65
6 71 58
38 68 61
37 3 60
2 84 98
42 56 95
12 39 21
50 25 57
30 74 96
2 35 8
24 50 57
25 59 46
45 55 89
8 10 10
39 93 68
6 52 37
21 88 47
33 16 81
37 42 31
40 9 61
43 90 65
48 30 88
30 4 59
15 42 13
46 69 8
9 85 100
9 89 14
19 63 50
1 98 51
47 42 29
11 18 60
36 60 40
2 81 5
33 92 79
28 20 34
8 74 31
47 98 15
7 51 89
30 91 59
27 68 70
41 50 76
2 29 56
35 37 33
3 39 7
48 9 76
15 58 93
24 16 33
1 64 52
44 66 20
9 59 100
20 42 91
14 26 53
42 46 79
44 5 63
36 3 76
23 53 60
17 25 44
5 80 86
37 83 48
34 82 22
8 46 12
44 53 63
23 46 34
3 21 53
45 29 18
39 71 3
15 53 37
2 36 66
21 90 92
25 8 49
42 20 100
19 6 2
6 84 11
14 76 93
32 38 26
19 15 47
35 51 54
29 27 93
1 19 16
20 96 46
41 91 49
6 40 3
13 19 51
42 98 49
26 96 78
1 78 67
3 33 92
15 99 38
35 41 55
18 69 34
3 11 30
47 87 83
23 36 14
2 80 28
29 53 57
27 24 34
38 4 8
22 50 62
1 26 17
19 84 93
49 32 44
6 74 8
27 67 95
32 27 70
50 29 62
49 20 3
18 35 88
33 37 1
22 51 45
27 65 82
25 23 98
22 36 76
42 15 90
1 46 21
12 11 35
20 10 58
22 57 30
30 87 9
8 57 41
32 58 90
47 21 50
33 59 36
49 43 78
21 75 96
37 25 62
38 44 73
20 42 11
18 83 15
45 100 18
47 15 54
3 83 45
6 83 51
20 50 18
9 29 91
50 88 25
42 74 73
9 21 95
45 60 42
48 79 19
35 66 41
50 97 73
43 78 90
15 8 35
21 85 26
36 42 85
6 47 74
19 32 91
29 38 77
32 90 23
41 13 61
8 21 66
6 54 20
21 16 68
21 5 17
20 14 9
23 87 59
23 75 38
47 49 58
27 21 68
5 57 40
14 21 57
31 77 43
30 59 51
39 54 32
21 47 11
10 64 12
41 66 40
47 77 55
20 41 14
2 44 56
27 48 23
23 65 37
38 83 31
28 27 90
42 84 19
21 11 7
16 75 13
6 19 79
36 15 23
35 49 78
41 74 78
47 50 1
31 32 44
38 86 93
12 44 68
35 78 17
27 100 54
24 81 97
45 14 44
39 44 97
42 98 51
28 52 48
21 35 43
25 5 64
10 77 30
23 70 71
40 90 69
17 24 11
11 59 3
4 88 66
43 19 15
41 52 73
18 43 53
1 38 67
38 41 44
28 57 33
21 24 29
41 38 20
48 60 42
28 97 25
11 5 12
26 30 84
44 46 49
22 7 92
46 32 77
50 1 74
12 11 98
21 31 35
15 94 82
8 70 98
1 18 67
35 43 80
34 39 52
41 2 79
31 84 56
4 82 72
10 60 57
7 16 19
31 39 88
9 86 46
39 77 58
10 23 80
12 77 74
16 11 88
15 40 71
48 27 51
19 88 15
26 24 53
33 3 15
6 46 34
33 94 8
31 72 9
48 50 97
7 29 76
38 29 47
46 34 42
27 45 15
48 70 27
19 57 32
15 7 69
14 72 12
7 72 54
47 86 37
16 37 66
6 79 76
25 82 57
16 84 49
10 63 52
22 78 89
11 64 87
31 85 31
7 7 90
50 42 44
24 85 31
10 100 63
50 24 71
2 55 84
12 27 55
32 60 56
21 69 74
36 55 51
9 83 93
42 82 7
28 35 40
11 38 44
25 99 1
30 55 72
50 25 38
34 23 82
14 69 36
35 70 61
20 23 5
13 35 65
7 75 15
27 7 2
29 80 32
49 28 7
2 50 91
25 12 88
9 93 73
20 80 26
4 6 53
33 5 83
13 75 7
50 6 68
23 12 68
47 1 91
8 1 66
23 65 92
35 40 58
32 62 72
18 38 36
4 74 48
26 68 32
41 15 4
24 41 84
2 30 56
3 12 49
45 10 100
25 30 32
24 58 85
26 68 56
24 72 31
45 98 19
16 25 42
42 62 89
33 69 28
3 12 93
37 22 74
35 6 50
14 87 89
18 80 30
16 8 83
40 77 27
37 38 31
22 61 73
33 68 17
13 20 51
39 40 95
31 81 24
23 97 61
21 6 45
38 73 48
14 65 44
5 91 37
19 62 49
15 47 2
36 82 97
5 93 48
49 76 75
12 23 43
46 19 90
5 50 95
21 26 99
8 74 9
48 21 63
34 56 94
26 49 76
45 57 33
35 31 71
18 80 88
39 65 53
27 89 91
11 9 41
33 77 5
41 91 15
9 96 50
4 90 38
13 18 71
45 52 48
49 60 36
32 99 41
47 14 34
12 97 31
3 33 74
48 86 37
5 14 94
23 58 72
29 48 61
21 28 87
29 87 92
2 61 83
48 73 49
50 1 8
11 37 13
5 29 23
48 87 67
23 87 59
46 14 32
29 67 5
8 58 81
27 7 99
33 79 44
4 23 95
3 57 12
35 14 56
31 58 16
29 69 38
36 13 72
3 27 9
24 93 90
45 86 63
20 99 69
48 75 90
9 52 81
16 20 100
47 33 72
12 86 66
31 36 83
13 10 79
6 36 8
3 13 7
46 83 65
31 26 61
38 14 58
39 55 7
42 47 5
10 43 54
29 50 99
8 65 47
21 54 62
20 39 40
18 91 49
31 99 20
41 35 20
1 70 12
47 49 87
25 37 86
2 84 97
17 90 75
36 29 36
26 26 43
16 96 30
50 21 86
15 12 82
26 63 61
33 80 44
15 33 31
15 23 88
16 89 57
40 20 27
33 12 26
40 3 73
49 99 70
27 30 88
2 98 71
4 45 81
31 29 66
42 1 95
28 11 54
39 86 82
39 8 1
34 35 100
30 57 14
35 4 74
30 50 57
10 77 56
46 48 61
37 84 74
39 79 29
5 14 47
1 72 28
31 60 20
14 62 28
47 4 7
13 84 21
46 88 2
30 6 75
21 40 5
23 31 62
44 62 74
16 7 32
11 62 25
20 68 80
4 66 69
13 82 68
23 51 93
35 74 63
10 62 93
2 10 82
43 11 36
23 65 26
49 89 20
9 21 68
37 100 21
41 77 50
39 1 28
50 12 21
37 7 16
21 69 27
3 98 73
44 61 75
17 98 97
50 21 51
28 80 91
30 46 8
11 39 45
22 57 58
19 99 68
22 20 77
9 8 62
6 28 23
1 93 34
43 41 55
50 76 47
10 74 94
35 83 83
17 28 12
29 58 22
46 23 73
37 94 96
31 3 76
14 53 90
24 76 6
37 68 48
10 75 79
18 4 19
36 11 75
7 11 84
42 60 33
43 70 93
6 14 55
40 76 77
18 85 43
50 97 67
9 13 73
22 62 85
26 21 76
25 83 62
23 15 18
30 29 9
48 2 11
44 34 29
14 58 24
29 21 49
45 56 78
27 51 95
25 29 31
49 1 80
45 81 95
36 62 17
38 52 86
42 22 75
29 39 29
30 29 23
21 3 39
19 22 41
43 28 55
47 92 92
16 92 38
21 36 92
38 21 34
40 44 83
15 95 24
37 36 13
13 34 54
46 36 23
19 78 18
22 81 53
2 39 29
14 50 15
37 3 42
41 4 8
9 37 100
38 53 69
26 20 60
45 45 65
21 96 88
14 29 80
10 79 74
10 25 59
30 96 62
31 60 65
38 72 16
6 1 59
38 3 25
2 51 83
33 83 50
9 13 6
37 33 18
3 1 34
21 38 84
27 81 86
46 33 42
48 29 69
19 75 36
39 2 82
4 60 44
29 44 75
10 14 50
41 33 15
33 79 86
50 82 52
33 46 46
44 24 63
29 68 45
10 95 17
38 57 93
42 86 50
14 20 41
48 28 38
43 12 21
38 87 92
24 3 34
18 35 41
48 52 46
22 27 70
11 75 19
31 21 71
40 92 47
39 19 94
27 37 16
21 63 58
22 11 45
12 23 11
45 65 72
33 9 97
49 82 18
11 61 9
2 6 88
40 99 83
46 81 28
31 70 47
5 94 15
50 89 41
47 79 1
15 59 8
36 76 95
24 86 51
17 53 61
35 5 54
6 34 45
43 16 4
41 59 24
1 40 4
2 64 23
41 83 51
8 14 67
45 19 62
41 71 48
40 27 39
40 65 20
18 21 98
18 95 50
34 32 9
35 98 4
41 85 51
45 32 99
9 40 42
10 92 97
6 74 20
26 54 31
46 82 39
12 23 78
10 45 11
1 50 29
25 7 33
40 25 69
6 79 7
10 5 31
5 57 73
44 7 36
19 53 8
