1000 1000 100
24 92 3
11 35 77
23 30 28
46 48 54
45 69 15
23 66 53
27 84 68
28 55 67
46 96 93
22 10 85
1 28 10
23 2 21
5 86 10
48 34 95
36 98 6
40 3 90
7 14 74
14 25 86
29 74 77
3 38 96
16 44 74
7 92 1
7 6 62
25 41 35
37 48 61
27 35 94
10 24 77
37 66 42
4 88 69
27 51 14
44 7 86
24 55 11
23 86 24
19 72 62
37 7 25
16 10 49
42 26 37
33 15 63
48 6 23
40 14 38
2 57 15
31 88 12
22 39 47
43 4 84
44 79 25
6 98 3
49 65 47
7 2 90
7 55 22
11 38 19
37 25 62
12 78 62
46 73 78
18 82 32
15 62 28
41 96 51
23 65 15
13 100 56
22 66 66
31 82 61
16 22 29
15 7 20
35 41 87
17 83 58
49 8 51
38 51 6
24 90 1
28 89 46
28 62 32
17 13 3
39 36 30
1 52 64
29 7 27
34 97 68
47 44 45
15 39 82
18 27 4
47 63 7
46 98 63
47 88 67
45 99 19
9 25 100
11 63 70
33 76 60
34 80 40
15 58 98
6 94 69
37 39 50
18 57 79
34 27 67
6 41 21
40 71 82
22 11 8
17 60 20
33 77 82
10 43 92
45 94 95
47 80 73
4 11 75
10 87 80
47 62 72
5 84 12
22 66 27
18 39 50
36 81 8
48 42 53
30 90 61
30 22 20
48 76 5
46 27 43
27 83 42
24 57 80
45 15 93
23 14 10
13 79 17
4 78 87
18 85 20
24 33 10
43 17 83
20 37 52
43 33 58
41 81 37
31 89 53
43 83 73
18 3 32
39 86 69
16 51 16
13 14 6
7 64 31
50 63 36
18 100 32
1 19 45
27 45 84
10 87 75
6 43 34
12 56 25
15 58 96
27 20 33
13 90 57
25 8 11
27 82 61
21 65 70
7 100 56
9 98 17
7 10 62
27 69 89
19 77 53
41 5 46
15 40 28
17 48 99
30 83 88
2 61 74
47 25 86
2 50 53
41 94 93
27 95 18
10 40 39
26 18 31
31 97 55
22 38 19
4 10 17
9 28 31
44 63 36
50 82 81
42 56 36
34 37 61
11 86 51
37 42 56
32 14 34
37 2 84
4 4 94
14 39 30
22 55 59
13 45 95
3 30 81
1 29 98
11 47 7
29 98 35
46 31 89
37 17 14
38 52 99
50 11 22
24 95 35
38 58 96
44 24 15
19 43 94
50 37 2
29 31 31
16 44 41
10 83 50
27 52 6
23 67 9
1 17 2
22 9 50
17 62 3
14 32 26
21 55 77
5 54 6
37 36 29
35 69 26
3 88 22
16 1 24
33 64 55
30 22 74
7 76 44
13 20 4
34 89 19
34 87 15
1 29 56
48 56 39
8 47 60
44 29 59
42 19 24
38 72 86
41 70 6
40 30 16
48 4 55
11 31 49
33 71 35
32 12 79
31 53 92
45 52 97
29 95 76
29 58 33
11 59 9
30 20 37
25 88 26
20 35 34
33 32 80
5 93 75
45 45 28
4 56 64
12 59 27
3 6 49
49 23 57
35 58 58
22 70 75
16 71 60
26 37 80
17 50 74
38 67 9
2 22 3
50 89 78
24 59 13
29 67 98
31 57 63
16 71 83
7 47 37
31 56 5
2 15 21
16 89 27
26 61 81
37 27 85
32 60 73
50 60 55
23 91 92
4 90 31
12 97 15
21 41 62
39 85 98
42 32 39
2 84 53
41 83 35
44 66 75
14 54 42
2 57 30
32 79 5
39 25 15
49 42 27
19 33 88
22 57 3
16 5 45
42 47 92
45 19 51
26 35 51
50 75 43
45 11 51
21 85 15
31 75 5
48 9 35
14 86 49
36 48 51
2 39 54
39 95 67
48 65 60
37 82 86
25 11 96
13 50 16
47 29 94
42 67 34
38 4 100
28 58 44
13 90 95
36 82 13
36 86 33
30 10 92
13 75 91
7 91 15
14 99 97
13 54 42
12 52 71
4 75 83
18 67 57
33 38 7
32 69 98
33 33 61
19 40 83
30 82 31
25 74 59
45 52 88
41 72 13
39 82 54
43 84 63
35 12 57
29 71 63
45 13 60
42 30 96
33 74 33
14 43 82
29 92 48
21 71 92
11 82 87
2 97 18
24 34 9
10 88 57
2 40 11
33 79 26
40 82 62
42 30 3
15 45 67
17 24 42
12 37 84
22 59 63
35 40 3
15 17 47
14 55 63
48 78 2
19 68 31
22 46 81
32 88 77
26 97 31
5 74 75
46 59 85
40 11 4
24 39 93
34 56 56
3 46 57
43 93 69
37 38 10
43 65 65
49 59 96
40 48 7
38 61 94
48 47 75
26 30 50
24 97 14
5 74 51
44 72 96
28 39 5
48 90 17
29 54 3
33 31 2
13 11 54
5 6 20
16 34 99
36 60 80
17 44 77
8 2 20
33 5 94
24 9 98
30 38 86
18 9 16
16 6 40
7 72 65
20 67 56
46 45 25
49 5 19
40 63 80
15 27 17
26 88 76
26 69 90
14 84 19
4 93 48
48 12 59
15 86 16
30 89 75
18 64 96
11 87 98
45 75 85
39 28 71
42 19 44
49 48 23
1 28 79
50 14 91
44 12 77
28 76 25
2 80 46
11 37 51
31 11 100
44 32 40
42 73 95
46 66 94
22 20 91
40 28 98
20 65 22
49 5 99
21 93 65
27 20 88
49 80 95
8 89 22
13 93 8
19 9 66
27 81 44
10 80 22
18 50 70
29 78 1
43 50 68
22 72 81
44 19 53
19 17 76
16 28 75
26 53 89
13 43 54
14 86 94
26 12 83
3 70 94
2 26 7
40 4 63
9 34 89
29 28 40
27 20 39
15 47 96
46 83 92
42 78 74
11 68 72
19 17 2
6 66 92
15 72 89
50 8 63
7 90 42
33 89 66
33 51 36
39 62 4
33 12 61
36 17 14
32 61 73
39 82 87
47 8 62
43 100 83
37 41 92
13 10 75
23 15 72
21 99 12
11 14 89
44 68 52
12 8 17
41 13 22
44 89 22
14 93 82
19 35 55
18 16 26
1 63 12
12 96 51
27 11 43
46 71 90
38 14 87
47 48 95
44 80 23
35 27 99
35 12 64
12 66 81
13 23 2
24 46 13
30 52 52
34 24 18
11 38 13
11 73 14
47 44 79
27 68 75
8 52 16
34 63 89
32 8 90
18 37 50
38 43 64
5 21 50
19 26 86
4 93 45
23 63 42
45 80 37
14 36 66
28 6 87
25 53 5
10 54 47
22 38 72
50 2 7
45 48 6
47 63 24
2 75 27
8 87 59
19 87 62
34 24 17
43 9 58
12 54 99
8 43 91
15 65 17
1 6 83
6 26 32
45 55 91
50 52 87
35 81 33
48 43 88
32 50 91
21 7 1
42 50 50
49 92 72
36 65 27
18 34 57
6 9 82
10 10 44
16 59 2
3 67 62
4 27 50
44 11 32
23 37 60
2 18 54
36 72 86
35 95 73
7 4 64
16 91 76
45 36 56
22 6 90
24 29 30
11 94 31
17 36 97
30 40 72
6 9 26
33 13 65
36 20 43
49 33 34
11 47 60
33 25 93
32 40 45
25 82 98
15 92 72
14 10 23
27 70 42
7 64 98
9 98 89
35 48 11
49 63 19
40 77 65
26 16 84
24 74 87
24 5 36
22 97 55
39 45 20
41 7 73
39 62 21
44 29 43
14 94 4
10 49 4
29 65 9
11 72 21
7 89 83
26 69 29
46 69 41
23 70 56
48 33 91
39 95 34
46 44 96
16 83 86
4 59 93
6 60 8
40 3 10
4 68 78
29 55 24
38 35 81
12 48 75
45 7 93
47 35 65
4 35 35
26 25 19
40 50 37
32 11 61
3 56 76
29 99 40
44 89 33
9 73 71
26 4 18
44 78 46
50 58 15
14 53 50
44 36 95
29 37 93
16 97 8
26 30 29
34 93 14
3 15 42
39 58 58
47 58 11
5 45 83
10 9 86
49 61 28
14 81 77
49 52 94
22 41 93
37 56 67
6 22 96
39 91 15
42 71 39
39 38 63
30 73 42
27 27 52
31 56 28
25 13 28
26 46 85
37 86 16
45 34 18
2 7 32
8 15 98
27 23 84
46 67 84
15 53 97
11 69 7
30 100 7
38 21 79
31 75 19
23 31 73
32 78 26
9 26 77
33 89 59
14 14 75
21 99 28
11 50 21
10 12 94
22 7 79
13 17 11
48 87 83
1 2 5
32 71 91
11 73 30
42 3 60
15 44 75
40 50 3
34 40 25
45 37 39
28 4 91
18 65 63
12 36 84
45 54 19
18 17 1
48 9 27
17 38 99
11 64 99
16 16 82
11 12 78
36 32 98
1 5 50
3 22 13
11 95 17
21 26 76
4 69 67
24 63 93
31 44 26
8 30 24
45 45 51
40 33 5
36 6 74
25 49 4
5 25 1
13 62 7
18 48 76
46 10 33
39 66 98
13 96 90
24 55 66
50 47 93
43 71 51
15 56 87
41 45 43
48 55 96
49 94 95
5 79 19
38 35 86
4 5 3
14 41 12
6 50 48
38 93 77
13 73 79
19 80 91
24 67 63
5 59 49
40 44 90
2 85 39
50 96 100
16 29 68
17 9 92
4 30 69
47 17 89
38 25 29
38 93 63
6 67 53
42 89 87
8 72 48
21 36 93
33 26 80
4 81 76
25 95 54
3 32 94
25 20 49
29 94 87
24 12 69
1 86 97
11 51 75
37 80 25
50 5 64
49 39 21
3 55 98
33 62 95
35 22 36
37 84 64
13 99 25
34 8 89
5 88 58
16 21 1
10 26 96
33 82 88
26 7 28
50 44 86
15 10 39
6 57 18
20 37 74
22 58 40
42 24 89
20 69 78
29 35 82
31 5 58
34 37 85
33 38 98
30 81 7
27 66 53
49 63 5
13 91 25
24 10 41
7 36 42
38 2 54
17 35 97
48 94 92
1 22 17
43 15 50
25 57 25
2 72 44
39 56 97
6 100 30
6 93 18
23 42 18
32 57 23
3 43 14
30 32 57
18 44 77
37 41 74
22 69 53
45 31 47
46 63 69
46 74 98
45 42 50
1 70 49
49 31 65
41 58 44
6 22 29
32 34 18
2 44 93
47 61 17
21 78 17
14 97 91
9 100 35
39 19 36
22 83 10
7 85 15
46 87 90
1 66 5
37 11 44
30 8 15
28 24 11
7 13 28
42 72 31
43 91 34
15 88 99
28 87 91
40 45 18
33 54 48
36 84 91
6 70 24
28 51 9
30 75 45
17 50 87
15 4 61
7 69 96
47 45 9
48 80 27
19 90 75
33 17 27
33 36 6
34 2 12
9 35 61
48 66 8
13 99 22
26 68 69
16 10 86
42 67 6
37 90 56
18 46 46
13 39 3
26 81 26
45 97 25
8 4 78
36 61 44
27 11 30
36 73 97
7 96 88
32 98 17
14 94 24
10 59 33
38 79 22
8 97 41
16 12 97
31 87 94
1 15 100
22 41 80
27 96 62
45 44 95
50 74 51
3 62 5
37 61 20
41 6 79
14 98 82
6 1 26
14 90 30
14 58 82
46 34 25
36 69 74
37 83 80
6 71 77
19 68 39
7 60 65
12 31 47
5 96 27
44 40 46
28 35 88
8 99 85
34 38 51
49 84 48
26 53 30
43 28 38
11 11 59
31 41 29
27 7 35
17 80 27
14 3 78
46 77 28
31 49 94
34 60 64
38 50 22
10 49 34
34 46 26
5 90 83
25 94 32
4 22 1
12 24 12
47 86 56
10 5 41
42 19 98
40 98 48
31 49 11
26 45 51
24 46 20
49 59 31
10 77 95
2 31 86
10 32 50
40 46 67
32 1 87
28 20 36
29 23 69
42 10 70
5 98 56
27 62 73
14 64 3
19 4 40
11 92 18
25 63 80
16 82 23
36 66 20
32 47 67
48 60 34
46 94 40
8 3 60
9 82 67
50 21 68
43 95 40
3 96 32
39 33 66
46 11 61
40 78 28
24 55 5
39 59 20
40 91 59
49 1 49
37 95 92
33 91 42
33 72 58
4 59 23
42 76 6
30 22 80
41 97 57
45 86 17
12 99 19
7 4 78
2 56 11
27 20 65
8 36 56
13 40 57
32 27 55
37 43 15
33 76 26
17 29 91
37 73 52
2 25 12
8 30 3
31 4 47
49 53 10
46 87 87
32 26 76
19 78 59
25 67 54
41 19 93
49 81 27
44 95 54
30 90 66
14 91 57
28 84 26
46 57 59
16 85 8
10 87 76
35 64 61
48 7 74
19 85 29
48 83 7
37 47 39
8 37 74
3 45 10
37 3 17
30 83 7
3 2 16
35 42 66
39 37 98
49 76 20
16 34 38
10 73 26
27 1 21
6 44 51
8 45 49
39 67 24
3 97 84
24 94 77
32 48 84
37 82 34
39 1 8
9 41 45
16 89 8
43 38 28
41 55 9
47 66 81
49 80 75
41 1 99
8 20 92
14 78 61
2 31 57
3 4 30
33 100 14
45 39 87
19 39 64
9 26 30
17 27 38
39 73 82
11 18 31
38 74 7
31 37 92
7 75 12
49 49 11
35 66 38
4 50 9
45 76 26
29 71 36
38 92 2
33 84 3
1 91 40
5 58 8
37 17 2
40 65 70
