1000 1000 100
8 31 42
35 67 22
27 9 13
23 64 60
39 64 75
50 33 6
36 8 30
44 22 30
3 27 81
25 91 95
29 59 64
44 95 47
9 57 64
22 98 8
50 35 7
14 32 42
24 34 74
10 17 28
34 4 70
49 1 2
6 83 70
43 29 27
42 67 55
23 51 86
21 5 68
39 18 3
1 56 91
38 39 49
3 48 83
3 86 76
28 42 98
21 26 52
38 47 99
49 25 37
17 16 79
50 11 98
10 29 57
21 49 10
32 5 27
7 29 30
15 61 38
28 10 6
42 26 46
6 16 28
46 52 16
13 18 59
13 41 50
32 67 23
11 88 15
15 17 11
42 13 25
12 53 89
42 95 1
46 35 68
12 15 64
20 97 76
33 82 20
50 12 42
23 25 5
46 64 69
17 3 14
21 28 97
7 51 13
47 82 30
38 40 61
7 67 96
39 96 74
22 89 68
30 88 74
6 77 49
7 73 13
28 56 39
23 92 23
28 33 13
23 88 21
3 62 78
29 33 75
4 44 39
35 92 93
21 36 1
49 58 94
16 8 99
46 26 86
34 93 39
11 84 11
20 4 20
33 8 37
38 27 13
12 21 98
1 14 62
11 82 28
8 67 34
17 67 38
17 85 81
27 5 28
23 91 6
23 58 93
38 95 65
20 32 71
38 10 20
20 54 27
3 54 17
7 65 19
36 20 98
37 75 66
8 93 86
14 16 94
14 17 86
44 3 56
46 74 32
20 22 54
6 45 17
4 72 42
20 84 34
48 94 32
7 52 77
2 76 22
44 77 52
49 73 84
8 47 58
31 61 92
33 37 47
9 1 11
48 93 36
36 82 83
40 77 7
23 72 60
41 16 1
25 52 33
40 42 51
25 79 86
35 16 17
29 49 92
16 78 90
39 96 84
41 57 40
21 60 83
6 84 95
33 72 4
19 90 8
47 93 21
23 77 38
2 26 74
9 43 28
2 83 39
7 73 23
5 10 77
27 28 55
33 86 18
18 65 97
24 62 24
15 79 41
45 62 41
31 8 49
39 22 78
22 98 71
15 65 100
3 28 42
11 96 47
38 53 39
29 70 24
48 28 72
16 62 80
11 85 45
11 46 24
28 24 43
5 94 55
2 61 3
12 37 81
1 17 17
33 81 14
39 44 34
46 77 57
32 64 84
31 21 70
22 71 22
8 70 53
37 25 58
5 14 67
19 34 91
26 62 3
39 14 96
14 84 63
23 54 57
39 97 33
37 68 48
21 54 88
29 63 1
26 39 61
38 57 74
8 29 53
38 70 36
46 89 33
3 51 14
24 5 46
23 97 78
4 51 26
42 24 39
37 89 45
8 7 68
35 10 41
47 9 34
11 10 53
17 10 68
48 29 33
37 65 86
3 28 30
27 13 35
3 9 51
33 37 9
35 31 17
3 15 2
46 85 22
35 53 68
16 91 68
50 32 26
15 39 90
7 17 76
10 18 18
25 9 63
43 7 94
39 23 28
39 91 68
20 98 26
3 18 23
8 92 89
42 43 66
48 86 26
40 91 2
41 91 30
17 70 38
17 100 78
12 58 15
49 99 52
24 83 29
50 5 82
23 77 98
9 84 75
3 99 38
32 55 35
33 86 50
23 68 72
26 53 53
24 4 52
27 20 78
49 56 54
44 50 6
34 35 14
27 78 54
2 84 52
30 65 13
8 75 77
50 38 82
2 12 31
42 28 55
1 13 14
6 80 78
17 33 99
16 69 59
6 54 47
42 66 73
20 65 94
24 83 13
20 31 30
15 92 68
39 43 98
43 72 85
13 64 15
44 72 74
18 31 52
17 22 50
21 1 27
4 36 77
27 87 85
31 28 3
23 28 65
15 38 99
29 60 67
33 95 20
36 96 32
26 57 47
4 63 95
4 30 69
39 9 38
21 52 25
21 64 76
43 34 46
20 67 13
10 77 20
4 38 37
12 8 64
35 26 25
47 89 40
10 92 63
29 81 38
21 98 21
42 1 99
19 25 61
36 17 64
42 25 4
16 95 46
41 79 18
1 71 49
3 30 49
31 23 92
42 37 20
10 46 79
28 15 93
20 95 13
45 56 43
39 6 43
14 71 88
27 96 61
26 52 70
9 35 81
16 14 79
30 4 13
12 92 57
49 78 73
48 47 70
3 69 52
39 34 50
2 28 19
37 67 2
24 56 38
44 60 28
12 44 2
21 63 11
5 84 66
50 43 52
44 83 55
7 42 38
14 29 93
22 15 46
3 94 79
38 78 54
15 48 37
44 29 33
30 25 10
28 77 84
28 73 52
35 82 74
24 17 63
38 55 91
3 43 13
18 4 73
20 86 60
19 87 74
17 10 30
36 31 68
48 39 41
8 39 97
46 14 25
49 74 73
8 27 94
8 92 78
42 56 89
2 38 71
10 65 92
20 15 35
32 82 45
2 81 54
34 34 59
45 36 51
14 60 13
41 61 26
13 72 85
2 94 44
3 59 14
4 17 86
36 14 25
6 60 7
13 13 16
31 97 51
21 87 30
26 43 73
9 93 57
14 32 21
31 44 43
41 54 36
38 99 43
10 76 7
35 60 70
21 77 56
33 21 12
2 63 88
33 87 59
40 23 22
14 27 58
33 14 26
21 91 79
5 1 72
27 83 40
14 61 40
8 28 26
45 26 17
42 33 74
45 12 63
22 23 70
16 17 93
22 11 29
20 78 37
32 89 67
47 3 86
32 28 7
27 61 44
23 5 8
38 3 35
17 97 59
30 49 25
39 16 48
35 95 54
26 73 73
10 42 32
41 11 68
32 55 68
39 88 64
13 83 87
36 49 64
37 57 88
10 48 6
30 85 49
35 49 37
50 90 76
21 59 39
33 77 55
49 72 4
28 60 77
31 53 79
31 46 29
47 20 59
16 25 13
45 77 24
1 24 84
33 74 10
27 11 40
34 23 33
34 100 47
47 34 81
15 55 39
2 31 71
2 7 34
4 6 23
18 62 35
49 46 52
2 86 58
21 43 28
29 23 80
14 79 77
40 22 4
29 61 90
36 7 68
50 42 25
11 33 63
1 91 46
1 32 52
2 29 59
5 86 6
4 72 9
42 99 18
4 48 66
21 90 78
39 82 67
29 89 76
13 71 12
30 28 6
23 86 6
42 68 76
49 95 74
19 70 87
17 18 37
47 13 99
33 61 28
10 78 27
47 40 45
10 4 42
6 64 31
23 1 71
1 54 28
33 50 53
35 47 91
36 92 39
36 98 99
44 23 90
35 78 31
33 91 57
13 35 43
41 72 28
30 8 54
5 86 74
47 81 40
14 9 88
12 47 68
48 14 97
31 25 35
36 7 20
38 80 32
31 69 27
6 96 93
33 64 77
47 89 64
5 55 72
28 22 41
11 55 96
41 61 80
9 60 78
4 72 11
10 80 92
34 47 5
43 69 92
19 100 18
33 72 26
15 9 3
27 89 61
26 78 27
24 50 3
25 93 97
11 44 51
9 97 43
32 66 19
30 67 83
2 64 92
21 33 84
16 94 27
29 31 40
35 68 84
2 2 80
47 15 52
27 37 25
20 71 28
9 61 81
23 52 7
5 33 7
3 80 36
41 55 34
10 99 78
34 74 62
45 60 21
50 90 56
43 79 70
39 76 47
13 52 87
32 21 61
7 85 79
31 28 81
50 74 7
18 25 7
5 81 8
43 75 84
23 37 19
2 64 32
29 94 1
50 89 62
9 100 10
13 31 78
9 18 79
13 9 74
7 27 63
27 98 57
46 56 66
31 8 13
46 68 74
37 48 49
10 44 41
42 2 15
18 81 99
47 48 24
17 36 64
13 15 68
49 52 19
5 100 100
36 90 91
39 63 69
42 72 27
17 77 65
25 2 19
42 14 44
8 84 93
33 23 18
18 3 37
38 33 36
4 76 97
16 87 55
42 6 92
14 24 93
22 20 68
12 75 95
20 3 93
38 68 67
31 52 11
11 37 42
9 86 68
28 67 37
32 91 54
48 44 36
4 62 41
41 74 16
43 1 76
41 54 91
14 62 16
36 31 20
21 70 87
26 84 84
10 63 85
34 56 90
26 32 61
4 55 66
14 71 67
36 38 49
15 38 27
25 18 52
31 83 4
16 75 1
12 65 33
3 63 71
44 78 26
20 32 84
16 29 61
22 60 98
9 63 54
34 17 25
22 58 3
11 6 60
40 97 82
49 41 78
25 33 96
13 67 36
44 56 85
24 43 25
33 14 41
3 11 38
40 62 6
36 43 93
7 9 69
1 96 15
7 38 51
1 21 74
19 97 69
49 46 44
4 51 15
28 19 76
21 32 25
42 62 5
44 36 65
8 32 29
29 61 7
7 88 96
4 16 68
50 34 9
46 32 91
36 28 95
29 40 33
40 44 77
14 76 11
35 83 80
39 52 17
12 43 47
27 63 82
15 85 94
47 24 76
25 12 92
2 41 39
27 46 59
19 23 6
44 46 33
39 90 77
8 27 71
28 79 72
19 82 62
50 25 53
44 27 86
45 37 36
36 52 14
23 72 81
31 10 44
36 53 59
27 55 31
12 65 100
50 37 46
35 33 17
25 21 44
32 99 35
24 43 4
14 12 65
36 30 13
42 88 30
20 31 17
9 20 70
7 5 26
47 43 58
14 57 57
12 94 88
24 99 60
16 69 92
16 37 65
29 41 98
25 9 77
2 91 58
32 35 1
9 57 29
13 90 57
22 69 60
15 59 51
13 21 62
9 93 62
1 93 98
29 43 70
48 4 73
45 87 1
38 84 29
21 13 34
40 81 49
24 38 15
43 48 55
18 52 75
44 38 34
29 31 43
11 36 1
23 29 64
22 37 19
21 36 86
23 83 20
6 83 10
46 83 59
20 98 66
11 21 82
11 23 59
17 6 88
26 3 32
48 69 17
28 15 11
7 97 77
41 12 92
17 62 20
45 23 69
36 5 81
33 27 92
18 5 89
11 100 45
25 63 87
48 7 100
44 63 2
45 15 60
18 12 37
2 35 71
4 90 9
2 64 18
2 15 65
25 14 11
33 62 50
19 66 96
14 100 10
32 81 33
42 91 94
23 94 44
23 3 61
24 3 21
49 47 94
50 18 81
48 92 15
35 98 32
26 61 23
24 97 51
49 33 29
33 98 91
42 86 36
27 39 21
31 4 60
1 55 66
49 17 98
44 29 31
47 55 9
6 29 72
46 53 54
11 43 68
29 52 99
44 25 50
31 30 57
42 66 82
9 59 3
45 63 39
22 53 38
44 23 64
49 86 35
45 76 57
16 31 68
47 59 7
22 23 54
4 92 45
14 84 24
27 55 65
8 83 63
38 17 12
6 59 83
25 29 48
41 91 57
46 48 86
22 2 5
20 65 82
9 27 16
29 81 70
40 26 55
6 26 82
40 47 21
4 94 17
45 31 57
34 51 35
28 50 95
38 16 98
16 57 39
6 78 63
48 15 67
40 83 95
39 86 69
13 10 15
36 20 51
19 24 43
9 53 71
5 42 83
14 10 42
28 77 65
34 34 22
40 95 44
12 47 89
5 39 49
29 95 7
19 96 47
9 75 39
20 1 68
20 17 42
29 49 100
37 52 5
17 82 87
8 6 32
27 27 20
36 74 69
27 69 19
38 48 81
35 14 46
43 35 26
21 56 76
11 4 28
20 68 33
49 45 78
19 92 47
33 56 16
47 94 72
12 25 34
9 41 87
12 61 1
7 38 84
49 83 60
31 3 63
27 88 65
13 36 49
15 9 66
21 56 87
47 94 26
47 27 65
39 87 15
32 15 84
50 30 86
14 65 32
7 52 64
30 12 57
43 12 4
26 35 62
19 90 87
6 4 70
10 73 98
37 24 4
9 59 53
48 47 24
32 51 39
11 51 56
28 6 28
18 74 3
39 11 20
32 34 40
32 18 68
43 95 22
17 97 66
32 80 11
6 8 9
41 99 17
5 34 71
1 3 90
4 11 21
50 19 18
48 26 92
25 81 70
36 61 92
15 15 52
26 24 75
14 83 36
12 27 58
38 14 74
6 83 56
42 14 32
18 29 72
19 6 68
23 63 29
1 41 74
47 47 71
36 40 46
33 31 6
27 9 84
10 51 45
2 55 90
5 28 26
25 12 57
37 82 63
21 4 100
18 21 72
28 77 35
22 15 35
13 43 81
5 43 44
4 53 85
5 69 59
34 65 24
36 99 61
8 53 11
23 53 10
21 32 63
40 53 31
18 53 9
21 66 20
38 30 9
42 48 94
24 67 6
30 95 76
5 16 82
14 41 96
28 87 94
45 91 84
5 51 51
12 17 71
32 62 84
46 83 68
37 19 32
34 26 54
39 23 7
13 31 97
21 100 81
49 11 53
6 9 94
26 96 43
22 77 83
16 76 93
30 5 80
10 1 38
31 10 47
21 100 91
13 66 49
41 79 86
21 28 78
3 66 84
42 55 80
46 1 58
17 84 12
22 25 40
32 43 1
14 2 33
26 18 88
43 79 14
38 77 93
16 72 98
37 73 76
21 24 29
5 83 85
45 16 34
28 99 54
19 83 50
12 8 6
12 78 52
26 41 56
36 90 63
10 70 49
20 73 49
35 2 85
46 43 72
20 50 25
17 90 86
35 20 66
25 22 6
26 30 37
42 31 50
21 2 93
17 28 54
14 82 72
13 80 82
39 52 100
24 74 35
28 19 66
23 71 94
28 36 9
3 52 100
30 8 100
24 79 47
