800 800 80
8 76 29
27 14 15
10 67 36
47 37 37
4 58 75
33 18 4
38 28 77
19 9 20
30 99 67
14 8 45
29 82 24
38 60 11
35 70 17
46 24 14
8 81 51
38 9 35
18 37 17
28 35 80
5 25 23
4 68 30
19 22 5
1 9 51
21 50 70
38 75 61
21 80 29
35 34 76
11 7 30
17 84 26
29 30 18
4 19 75
7 7 74
10 75 45
44 59 6
22 1 23
6 74 3
22 50 12
3 82 72
33 86 14
20 30 11
14 7 33
25 21 1
46 76 13
45 12 42
16 45 28
25 17 77
7 61 58
11 88 21
8 57 3
32 53 17
24 39 38
18 55 72
2 64 30
6 67 64
33 73 22
27 19 78
9 1 19
7 40 36
15 99 64
9 85 34
45 5 34
30 81 5
43 7 10
16 33 3
13 22 30
6 7 57
11 45 24
19 74 23
33 80 5
35 4 65
42 42 23
20 4 51
11 27 22
42 100 21
7 76 5
1 93 63
33 84 29
10 54 38
22 100 69
6 19 46
42 3 15
31 62 62
19 23 10
47 45 15
21 36 73
17 55 27
1 32 53
40 26 69
1 42 35
21 80 60
3 97 78
6 7 28
34 27 1
32 59 36
36 78 60
29 86 65
34 7 17
30 69 80
1 8 74
9 24 77
3 41 49
47 3 17
46 94 28
9 9 40
20 75 65
44 63 58
22 58 21
37 89 16
44 63 15
9 51 12
24 14 69
31 75 19
37 99 49
19 30 4
32 16 68
12 48 2
30 39 8
32 47 60
33 24 59
4 62 27
10 2 25
41 44 38
6 12 24
18 69 46
29 60 55
16 99 43
12 8 7
44 19 27
49 46 49
16 25 62
46 96 12
12 90 57
7 68 73
40 64 71
39 95 59
26 45 17
29 84 57
47 10 78
23 2 40
35 95 25
6 33 56
22 71 61
45 70 73
25 13 55
5 25 13
2 68 32
27 96 37
19 79 70
27 26 73
48 11 72
46 45 79
50 8 13
40 78 18
30 9 68
41 67 22
10 96 34
19 1 41
22 58 8
20 93 32
35 66 16
18 8 54
41 76 69
5 65 5
47 92 76
43 84 54
41 73 45
43 33 74
13 30 16
43 78 4
20 63 54
1 75 38
48 87 44
21 3 6
7 26 20
32 5 74
37 73 36
30 30 35
36 42 30
33 94 68
37 25 73
19 1 24
12 90 2
20 48 3
1 2 80
42 55 41
10 80 2
22 42 8
27 59 42
4 68 23
35 36 24
38 35 47
34 100 28
25 42 53
36 6 65
17 77 6
36 83 18
44 97 25
16 23 8
34 7 32
5 78 16
16 40 14
3 5 16
3 74 68
46 80 41
20 23 3
4 11 76
47 80 57
34 42 70
22 48 46
35 79 30
21 10 5
38 49 29
47 57 3
14 45 14
13 14 29
45 14 50
44 53 77
45 19 47
34 82 29
6 97 51
17 51 42
14 55 58
8 10 26
27 74 53
50 93 34
12 94 59
10 26 11
31 60 47
13 81 62
30 11 25
18 8 53
23 51 14
43 99 75
48 52 4
24 96 75
9 11 23
29 21 53
1 91 27
27 72 77
28 27 75
11 73 75
13 43 15
5 27 50
9 27 68
30 14 47
34 64 34
33 9 72
13 42 3
31 34 49
25 35 27
30 2 11
24 43 44
35 87 29
32 43 22
21 5 33
20 4 69
28 90 20
33 61 72
36 57 80
11 33 52
42 47 25
46 37 19
50 3 80
27 60 25
6 2 32
47 87 35
21 38 41
17 38 39
7 40 8
15 2 33
5 34 69
9 80 12
15 2 1
11 63 45
19 68 30
23 34 49
19 95 49
34 80 41
14 30 20
50 49 35
45 18 68
8 24 30
22 26 78
30 35 69
35 62 52
17 82 72
23 59 21
24 15 28
17 14 42
26 29 18
21 95 76
24 97 8
45 27 17
22 55 16
9 39 33
35 69 9
30 40 74
32 88 41
8 13 74
2 49 61
49 77 29
32 94 69
46 13 72
48 19 11
13 34 10
14 87 67
37 16 11
44 19 7
34 69 12
40 27 45
12 99 52
18 69 18
42 11 33
50 51 2
33 62 6
35 85 9
46 62 32
18 77 7
11 32 78
13 94 8
42 3 31
2 81 31
39 99 26
41 15 35
38 57 66
6 16 75
47 36 64
17 4 10
44 39 52
29 47 27
39 13 58
18 4 78
17 90 51
6 33 35
20 4 9
2 89 45
44 34 74
13 93 33
27 27 1
38 31 15
6 40 44
38 70 68
41 32 10
48 84 26
1 86 42
40 71 4
48 2 65
14 100 48
21 66 13
19 44 20
44 61 65
6 98 60
12 37 24
18 36 54
7 18 22
13 45 24
30 86 34
15 3 66
20 42 16
35 58 6
18 74 5
16 89 9
15 35 40
47 90 1
29 18 31
27 60 54
35 34 29
33 35 10
37 44 78
25 14 57
11 94 76
11 97 27
12 95 7
31 49 55
48 20 57
26 29 53
4 24 49
33 66 71
32 19 16
19 60 7
16 85 71
1 4 25
23 5 66
43 86 60
44 87 71
14 27 62
32 69 50
6 98 48
49 72 36
35 42 7
42 11 21
48 85 44
4 78 43
44 81 18
22 1 58
24 97 67
2 18 35
5 64 4
4 11 19
5 59 23
20 48 13
3 26 58
28 18 35
18 19 47
28 25 45
40 35 77
43 71 28
38 53 7
3 17 16
8 17 13
26 77 12
10 4 68
38 82 4
40 74 30
25 55 25
35 11 60
7 14 49
15 38 25
26 98 73
35 22 63
46 28 47
42 9 77
6 46 19
5 78 28
50 43 28
32 64 59
23 68 44
39 31 4
45 32 52
46 54 51
36 74 25
45 34 13
12 42 26
15 27 71
39 77 70
39 75 60
39 13 45
45 3 14
35 65 30
5 37 63
44 1 27
48 8 53
27 16 14
21 92 44
41 92 68
7 66 58
38 78 24
41 15 60
50 26 68
30 42 43
42 25 80
21 6 22
8 4 32
47 94 50
33 23 69
24 12 71
43 79 21
5 54 65
45 86 67
14 35 44
2 17 77
23 13 26
35 48 24
22 15 14
32 5 7
30 38 46
1 90 14
48 61 21
18 66 52
19 73 24
20 67 56
20 55 50
26 19 49
6 98 74
28 10 80
40 65 44
38 49 45
13 78 36
42 15 63
20 14 63
49 15 30
31 28 14
36 25 75
16 22 33
24 5 78
30 28 11
38 81 13
22 11 34
12 55 44
39 81 37
19 54 22
31 56 2
23 36 40
41 27 35
29 62 56
45 25 1
44 48 76
2 53 62
22 81 64
10 43 9
22 11 13
33 64 69
5 90 61
14 7 69
10 87 42
33 47 78
44 42 44
7 55 3
16 17 72
28 82 71
2 45 51
26 80 54
40 12 54
2 1 58
50 71 79
23 40 57
29 66 37
25 78 65
45 49 1
1 58 67
29 50 69
36 79 10
15 88 30
25 37 57
18 75 10
26 16 7
31 93 21
2 88 2
45 86 24
22 78 36
1 57 54
47 85 50
2 83 27
5 21 58
3 44 10
46 11 75
3 63 7
23 64 7
40 24 51
17 74 14
17 22 74
46 26 19
8 75 8
25 27 8
38 30 66
3 43 58
21 8 46
31 6 50
45 94 52
6 33 58
11 31 24
20 92 57
23 92 36
50 27 2
12 87 19
9 66 31
49 96 70
21 91 78
7 54 67
36 51 64
1 21 66
41 40 6
1 62 68
15 62 56
7 81 43
28 43 12
35 30 31
32 67 8
16 76 72
32 64 29
16 14 4
50 46 60
18 43 25
23 28 79
25 75 76
12 15 47
30 53 47
48 63 45
37 9 69
15 38 12
2 7 12
47 47 41
47 70 12
3 84 50
45 88 12
23 26 72
35 75 21
23 30 65
45 95 47
20 6 24
9 55 64
36 81 77
30 68 73
4 54 21
15 9 21
12 5 78
15 23 71
13 50 27
41 71 37
26 15 29
4 62 80
25 43 27
18 8 6
36 22 43
2 81 42
34 45 59
44 90 79
32 8 80
26 54 13
37 91 11
33 89 46
30 70 5
12 45 78
5 13 11
46 48 18
6 78 2
12 29 27
11 81 18
36 23 79
47 29 36
49 80 80
34 65 60
8 7 29
45 3 67
14 54 71
18 28 33
42 74 77
43 72 15
43 84 17
21 37 66
43 50 4
17 10 27
34 5 29
2 89 80
32 47 22
22 93 47
1 4 28
18 90 30
30 62 25
27 66 68
30 62 1
33 6 14
29 28 65
10 57 64
27 88 68
31 55 38
27 56 25
47 97 43
20 53 46
31 98 50
40 25 66
49 74 60
42 3 2
44 59 16
44 47 34
27 69 55
29 5 38
19 62 2
47 25 51
27 96 9
9 45 19
17 90 5
34 38 48
14 42 74
44 28 18
13 15 22
5 25 6
36 72 54
45 21 4
21 84 17
10 88 27
5 24 72
18 22 57
27 87 6
10 5 55
49 48 60
41 14 49
40 22 21
25 56 71
6 35 33
16 76 78
2 68 72
29 76 50
15 29 45
32 59 22
2 76 55
12 73 16
23 87 37
14 53 29
16 41 18
39 10 79
36 28 49
45 6 50
11 75 15
43 46 59
29 99 50
3 89 8
22 6 61
46 71 29
34 91 23
20 99 69
40 88 4
16 28 6
3 42 33
6 35 73
50 94 59
47 10 40
26 94 36
47 63 63
15 89 36
1 40 16
12 24 17
8 99 42
49 22 18
1 53 6
45 11 43
11 93 57
20 47 31
6 55 55
7 22 30
29 71 27
10 76 3
4 55 66
1 13 62
27 81 66
35 59 67
11 11 35
35 26 7
23 51 41
46 70 45
25 64 61
28 27 6
30 96 65
44 6 4
23 65 31
13 19 7
27 4 57
29 34 20
10 95 14
19 26 8
43 11 34
36 10 61
5 85 21
32 44 55
4 96 18
41 6 32
23 45 46
11 48 46
17 37 75
4 1 38
32 85 69
39 73 71
26 85 45
32 7 25
36 23 77
46 63 8
12 10 23
18 20 9
22 80 32
15 32 23
20 61 4
37 99 67
3 96 20
44 9 22
14 52 76
22 21 15
35 59 68
37 27 67
25 39 45
9 42 52
19 6 80
28 76 47
38 82 31
14 15 15
4 18 63
45 48 62
17 86 55
49 55 66
16 86 68
40 72 25
42 23 59
12 63 34
50 100 67
43 96 33
14 100 51
47 71 74
44 75 17
32 29 38
17 59 25
13 82 29
8 97 38
21 13 30
13 80 26
42 37 25
12 10 23
21 29 38
23 56 48
40 4 28
8 56 27
28 88 34
6 90 31
