1000 1000 100
11 84 83
7 46 68
5 19 76
44 7 77
27 8 45
29 82 53
39 64 16
44 94 6
43 41 58
29 78 85
34 64 91
41 31 15
35 61 32
22 96 100
10 35 47
24 58 29
14 42 75
25 12 69
13 7 8
34 42 20
46 56 21
27 33 65
25 16 38
34 35 69
25 100 97
23 29 51
40 25 98
14 58 46
44 91 88
47 69 68
28 33 27
48 54 71
32 52 68
30 83 63
9 26 46
23 29 77
36 94 100
20 59 88
8 86 29
44 56 54
47 15 71
37 90 66
26 30 91
49 36 81
36 67 78
28 70 89
38 88 62
35 69 61
35 33 52
8 64 33
15 41 33
29 10 77
18 79 51
32 81 24
43 71 16
44 69 80
50 48 7
15 33 61
29 18 35
46 54 44
26 29 9
10 99 40
50 40 93
36 46 44
16 12 5
31 86 85
23 82 60
12 57 19
14 43 39
45 39 51
14 38 80
5 23 35
3 65 71
7 77 2
21 8 20
3 24 71
49 1 20
30 66 16
14 25 99
40 89 93
29 69 94
37 74 19
19 73 51
19 1 38
16 10 9
23 81 56
49 18 26
19 32 96
9 32 51
42 32 82
6 59 43
26 70 55
21 92 52
11 87 80
14 23 60
36 55 88
44 80 96
9 87 51
10 21 4
50 10 54
18 29 27
31 4 10
5 49 40
20 72 66
46 83 81
23 13 21
4 3 27
3 82 13
40 8 24
2 86 8
47 92 67
47 12 50
7 81 41
49 61 37
39 50 83
2 34 78
42 18 81
6 45 72
24 38 99
29 1 79
18 98 100
12 95 50
26 69 71
5 89 10
46 7 92
41 8 7
6 53 16
35 62 92
27 34 100
23 57 81
5 80 33
3 84 100
24 66 95
11 64 81
16 88 28
36 87 26
44 43 75
26 42 43
21 30 75
4 69 15
33 51 100
21 22 4
43 39 78
37 52 12
42 89 41
37 85 67
20 41 97
20 27 81
20 1 28
4 56 67
3 53 40
8 85 12
22 38 40
34 30 48
15 37 72
19 7 37
27 94 52
46 60 19
43 24 44
38 45 97
34 13 29
5 64 74
26 99 29
44 80 16
27 44 80
27 98 85
50 75 50
36 8 78
34 14 45
15 54 84
17 73 85
40 34 35
46 15 91
32 17 34
31 46 44
16 32 65
40 3 27
27 64 10
11 68 27
50 69 53
23 7 4
40 92 90
15 38 90
50 3 94
34 19 66
27 48 89
2 76 99
8 88 21
43 86 9
29 47 31
2 3 34
13 87 75
10 98 23
29 71 70
10 13 31
32 84 22
25 30 68
35 61 91
47 6 98
26 13 76
22 13 34
46 61 49
39 96 41
30 34 96
1 75 22
17 95 80
29 61 41
2 45 22
46 33 73
24 97 42
48 55 32
2 75 94
30 24 12
49 8 97
49 97 44
9 61 36
29 17 32
6 82 85
44 32 76
31 42 72
44 19 50
47 79 90
20 99 41
20 27 56
27 70 40
27 39 4
15 63 63
12 97 18
33 91 81
32 12 79
49 87 93
32 15 24
32 20 11
8 65 88
7 8 83
13 25 45
44 17 10
3 87 26
11 44 73
29 51 31
41 32 99
5 80 27
37 48 38
25 7 31
41 14 59
16 9 8
50 91 24
41 59 85
33 26 28
43 30 96
12 24 34
29 98 29
7 71 66
10 56 26
26 97 55
27 89 20
1 49 37
15 68 85
28 65 8
26 97 87
15 70 9
14 8 38
33 80 68
20 9 98
39 16 18
37 2 89
17 70 35
39 61 16
26 18 27
7 25 19
41 49 59
10 88 4
12 89 62
6 84 16
31 85 52
13 50 85
2 91 80
7 16 12
49 24 75
47 84 95
18 80 99
45 40 56
38 100 75
32 48 97
14 7 87
23 66 83
8 45 68
44 79 58
21 49 69
17 17 7
38 3 50
38 23 53
40 70 8
50 95 39
40 22 84
41 40 65
44 42 44
44 75 32
33 89 76
42 19 82
10 83 61
39 80 18
45 54 70
18 77 93
6 58 49
19 17 4
30 52 86
42 41 54
35 35 1
32 24 86
12 99 88
39 61 8
35 53 100
9 52 62
42 49 36
45 32 15
34 54 96
3 2 66
18 90 11
16 91 68
23 75 99
25 44 36
28 35 10
39 10 12
40 80 41
33 96 33
2 15 79
48 80 19
20 94 52
50 5 69
34 25 64
35 29 16
24 75 72
14 64 58
18 20 2
9 61 93
44 81 32
1 49 87
5 52 38
49 60 95
35 50 52
19 69 61
24 55 65
4 17 67
19 65 73
32 33 63
21 91 53
41 43 69
46 73 99
3 90 1
49 97 54
4 66 27
49 80 73
40 29 9
8 16 73
40 72 1
29 11 24
16 74 26
7 40 39
23 78 64
19 12 68
25 80 63
41 93 45
15 80 4
23 99 91
33 31 40
28 79 83
1 19 14
10 24 93
25 43 4
2 68 91
5 61 12
33 8 69
5 18 66
5 4 80
47 16 72
15 50 61
25 89 91
25 70 73
45 2 92
23 8 23
45 38 84
9 26 31
3 79 92
26 52 6
14 96 73
1 36 64
19 34 56
23 26 71
45 7 83
49 56 51
41 91 63
38 78 76
16 24 5
46 32 88
48 8 50
3 85 38
21 88 37
48 63 75
21 59 100
24 38 37
46 14 38
19 82 81
37 60 26
24 14 58
24 7 3
6 13 38
11 1 70
12 97 78
49 99 28
36 78 32
3 20 75
28 53 1
23 83 10
13 32 2
25 12 100
29 46 53
11 4 12
42 26 98
24 92 12
25 72 90
29 26 15
14 40 57
41 77 25
21 54 63
38 65 39
26 52 8
40 36 62
35 45 29
9 67 99
9 92 87
18 21 55
50 49 62
29 83 80
41 94 78
37 5 100
28 50 27
2 61 31
38 52 35
26 40 8
26 8 75
47 58 98
42 98 71
27 56 8
36 79 50
11 24 58
50 69 44
24 76 3
6 5 86
19 1 67
49 49 52
23 40 60
47 38 57
25 31 24
11 83 67
29 50 93
33 90 100
33 42 66
41 16 48
2 8 37
7 2 80
27 27 29
23 19 61
11 5 73
38 99 21
33 68 9
29 25 39
38 41 11
8 15 1
41 36 99
32 71 66
3 5 52
35 65 31
15 11 93
7 9 48
43 63 54
9 94 34
28 11 99
13 40 22
3 74 93
4 85 37
9 72 88
5 93 28
18 7 43
4 25 12
11 44 64
7 97 30
44 83 48
9 97 55
1 37 33
41 58 24
34 22 50
5 67 50
7 10 41
5 47 80
46 19 73
8 2 81
22 86 69
41 8 24
35 40 68
13 60 30
2 76 36
26 65 89
30 75 51
25 57 41
30 68 92
34 8 51
29 54 56
8 91 45
39 71 26
12 18 61
14 75 49
13 61 55
40 99 97
38 16 13
32 58 23
49 51 98
13 57 76
50 65 39
46 18 32
8 81 76
18 78 20
29 65 14
48 88 59
6 29 51
34 27 74
27 9 81
43 14 6
45 84 95
26 43 82
10 80 61
23 96 63
14 24 44
23 45 5
30 58 37
44 59 61
18 79 57
21 95 69
42 54 15
4 5 15
7 86 39
2 35 17
32 15 12
31 58 1
50 11 40
10 36 28
8 84 28
16 36 39
6 35 99
30 88 31
25 78 15
37 52 39
25 78 70
42 70 95
11 11 27
25 7 85
44 41 65
49 67 85
14 90 1
45 86 18
37 29 14
27 29 90
30 89 55
15 38 53
8 71 91
9 26 10
23 7 63
28 80 76
15 86 22
46 5 78
14 81 74
43 7 21
31 1 93
37 12 40
14 21 56
44 68 24
17 99 98
36 38 70
38 61 8
28 33 22
3 19 10
46 75 3
50 85 16
9 44 13
21 83 67
33 93 41
45 29 79
27 63 35
3 40 78
31 28 10
1 40 31
42 80 23
16 81 83
5 14 5
27 12 37
23 71 89
47 31 51
48 99 55
1 31 22
11 19 77
13 55 70
47 54 90
46 15 31
31 28 19
29 98 27
13 55 53
3 69 46
10 8 60
34 31 4
34 23 70
41 6 79
23 61 61
13 78 72
47 32 75
17 67 100
31 59 79
43 42 51
39 20 29
1 65 51
44 75 8
41 83 55
25 70 86
49 51 24
49 62 63
25 69 98
49 55 10
21 14 25
21 1 55
14 17 98
24 70 80
11 36 98
10 92 99
10 97 96
46 45 91
4 39 78
42 50 65
3 17 89
18 52 23
43 83 66
10 25 57
14 2 69
19 72 54
34 5 7
48 14 52
18 31 88
42 40 9
34 51 66
35 10 87
50 32 90
30 26 48
28 75 80
21 36 4
26 3 59
32 35 26
3 20 14
3 11 5
34 69 62
41 8 3
7 72 71
47 25 71
43 5 62
44 97 89
47 15 3
30 29 1
43 86 74
18 71 88
32 53 80
36 7 97
4 91 91
36 82 21
2 83 2
26 55 49
39 83 72
37 6 86
47 79 14
39 24 97
45 68 76
44 92 84
22 22 77
41 27 25
24 37 38
16 47 30
10 87 26
24 60 93
13 93 10
23 40 61
3 38 18
37 72 54
46 97 62
12 45 5
18 83 23
39 41 56
41 46 12
19 88 94
3 22 36
17 87 58
34 80 99
47 27 13
20 66 26
2 78 94
13 30 92
14 36 10
16 94 29
45 77 21
21 59 82
37 43 21
50 98 64
38 3 94
48 26 67
36 96 78
21 97 22
2 99 59
21 92 15
42 96 6
7 72 71
8 12 2
11 74 5
22 19 14
20 78 65
32 4 22
30 70 20
21 34 69
32 59 21
36 54 66
27 76 53
46 95 39
35 60 67
19 1 98
45 12 86
9 90 83
6 30 78
16 9 88
13 82 34
4 90 49
27 33 68
12 34 38
13 59 92
34 61 67
43 59 24
8 39 45
45 84 42
24 89 35
20 51 80
26 13 24
40 59 11
29 4 26
8 73 83
8 21 27
7 4 51
50 37 44
37 86 27
35 75 63
13 61 15
23 95 29
41 6 46
17 73 95
10 3 56
40 76 76
45 95 81
12 86 19
10 32 15
15 66 91
24 24 76
24 13 21
12 61 91
44 30 21
3 19 80
4 22 75
8 19 64
7 14 28
8 61 9
35 54 67
2 41 20
49 73 20
14 29 4
44 23 39
38 11 45
3 97 62
34 32 31
12 26 47
47 12 71
8 7 52
49 100 55
17 20 65
47 7 54
6 24 76
39 98 86
37 74 10
21 43 27
9 56 92
41 61 4
13 3 34
2 31 38
15 65 91
2 84 31
45 43 18
24 57 32
8 54 46
12 57 94
16 30 29
39 76 92
47 24 58
24 46 97
50 18 68
19 50 6
50 49 9
14 23 94
24 14 87
28 94 100
39 38 24
26 22 23
17 23 86
15 50 91
15 84 34
30 51 7
45 8 48
7 52 74
23 87 56
32 8 62
33 53 12
11 47 21
3 80 87
26 38 8
48 14 62
25 83 2
25 67 36
23 29 90
22 10 85
35 31 93
15 46 48
27 79 21
28 59 18
44 75 89
27 27 42
4 94 11
43 97 39
4 51 42
29 13 57
29 37 85
38 77 71
18 2 5
32 51 32
7 96 93
36 96 36
2 89 11
48 60 71
30 42 59
49 6 55
4 89 24
26 5 43
28 42 52
4 73 22
42 10 31
7 2 93
1 72 6
4 89 65
26 35 79
39 65 7
19 5 19
16 86 78
21 22 79
49 47 65
42 60 82
16 84 90
37 95 78
40 22 54
1 3 68
40 98 85
14 16 47
11 27 27
46 11 32
36 65 71
26 13 65
5 73 44
23 51 61
3 29 77
21 92 65
8 12 94
13 48 75
48 28 91
40 66 96
47 48 95
32 22 64
36 82 59
9 53 50
30 93 33
9 12 92
47 49 52
37 55 14
22 17 53
43 53 30
19 63 90
38 39 80
11 6 13
26 42 98
27 62 76
8 73 28
44 89 36
20 27 49
21 35 92
29 37 67
25 62 47
41 76 50
44 43 42
15 85 18
32 100 91
35 37 52
50 85 91
3 57 86
24 8 16
28 50 72
37 12 22
50 93 7
32 91 70
16 27 17
9 65 79
50 62 27
4 39 87
23 89 3
19 35 21
36 94 73
44 73 85
11 5 55
32 57 36
38 68 1
6 26 2
13 32 49
45 57 28
32 93 15
43 60 95
39 27 42
31 23 4
34 6 23
19 2 46
6 34 97
8 81 37
40 20 84
32 18 62
5 94 72
49 32 73
9 52 74
30 41 21
34 68 89
3 98 27
3 72 35
40 30 6
46 26 64
42 10 68
29 79 24
35 64 51
26 59 93
38 70 17
18 73 24
43 76 57
8 74 35
37 84 66
15 50 69
14 86 67
47 22 35
34 82 23
26 28 87
16 41 14
27 2 39
33 55 33
24 35 78
37 53 75
13 47 35
46 41 10
38 100 77
36 95 46
22 63 3
10 65 84
34 64 64
28 94 70
41 45 1
27 95 68
25 86 54
35 45 84
6 70 58
23 7 100
40 54 38
36 70 72
32 47 23
15 15 81
10 14 84
50 10 59
11 86 2
4 71 11
12 74 59
1 92 41
11 7 24
18 44 69
28 59 97
41 69 25
2 61 34
18 84 6
40 93 22
13 13 88
37 43 99
26 52 12
