50000 100
4219 3 0
9111 4 0
6941 4 2
9107 5 1
4484 1 0
3916 3 1
4868 4 2
1340 1 0
9908 5 1
5236 5 2
4792 4 8
5645 4 0
9388 4 1
1752 1 5
425 5 12
3902 4 1
6592 5 2
7305 3 0
7579 5 0
5293 4 0
6020 3 2
1158 5 19
2471 1 1
280 4 0
655 4 5
7615 3 1
6534 1 0
2503 5 19
8119 3 8
8842 2 0
1543 1 1
82 5 18
1371 4 0
1298 2 0
7901 5 27
2992 3 0
2884 5 20
2059 4 27
8370 1 0
4857 1 0
3671 4 20
4683 3 19
6466 1 0
6787 5 27
11 4 12
6422 4 8
1004 4 0
6321 2 2
3219 1 0
4218 5 40
6442 5 19
5138 2 24
2398 4 0
567 5 34
1643 1 24
7276 3 0
5729 4 56
4807 4 36
8350 4 30
6231 3 0
6768 1 0
6955 4 0
859 1 0
9263 1 30
6696 1 0
2000 2 47
2851 1 36
6985 3 18
6484 3 0
9790 5 30
5451 3 0
5775 3 0
9650 1 19
7004 1 5
5133 4 47
7731 5 8
7081 1 0
2676 5 56
117 1 1
8731 1 33
2428 3 60
9977 1 71
6103 4 43
7002 1 36
8401 1 49
2166 2 62
8122 3 0
1322 3 39
2554 3 0
1648 3 40
6771 1 0
649 3 0
4830 4 8
9924 2 47
2444 3 20
5133 3 0
9102 2 61
3874 2 0
5622 3 0
4085 5 99
