50000 100
3343 1 0
3458 3 0
1437 4 2
3450 2 2
4172 1 1
5827 2 1
829 2 0
1852 3 0
2409 3 1
6724 2 2
3195 3 8
6834 4 7
4162 2 1
7057 2 0
3986 4 1
7140 1 2
3730 2 7
6239 4 8
1624 2 1
7706 5 1
9563 5 2
1765 4 1
590 3 0
8001 5 23
2426 5 0
9068 4 8
6709 5 0
2172 1 14
5249 2 25
1253 2 8
3560 5 1
9932 4 23
8049 2 2
1582 1 27
7100 4 25
2191 4 23
3852 4 0
8414 3 0
5630 1 25
1912 2 8
7953 5 14
1949 1 7
6625 1 0
3613 4 14
5378 2 0
5557 5 0
8391 3 0
3596 1 25
2952 4 0
3871 5 7
5739 5 1
8757 1 46
4884 3 0
4917 3 37
6445 1 37
8927 4 0
8567 1 46
9045 5 0
359 4 7
8534 2 0
9168 5 0
8876 1 25
8988 2 0
1752 3 58
8011 1 0
8444 4 0
4356 3 8
7499 5 0
7490 5 63
9454 3 63
286 3 60
509 5 0
902 3 0
8704 5 65
2295 1 23
5958 4 0
3840 5 0
2455 1 14
4162 4 56
1631 3 0
6699 5 0
6552 2 0
3836 5 0
4837 3 27
9908 1 0
7750 3 0
4837 5 0
2978 3 53
9198 4 0
4431 4 0
8357 3 23
5383 1 1
2052 5 45
4035 5 0
1269 5 0
8656 1 25
4966 4 95
2284 4 0
361 5 25
7557 5 27
