50000 100
4500 2 0
2741 3 1
9228 1 1
2779 4 1
5309 4 1
402 3 0
7131 5 6
9284 4 6
3259 4 6
7922 5 6
8549 4 0
8167 1 0
3049 1 11
2093 2 1
9825 2 0
4305 4 15
4343 2 1
3836 4 0
5249 4 0
9702 5 18
9049 1 19
4106 1 0
4972 5 0
5528 2 18
1549 5 6
5373 4 0
1652 5 0
6603 3 1
6580 2 26
4039 5 19
9271 4 15
5810 2 0
1801 2 0
586 3 23
3260 1 11
9779 1 0
345 1 23
9347 5 26
4572 1 6
6645 2 0
9609 3 32
5634 4 15
7186 2 36
2967 1 22
1542 2 0
5598 3 1
2286 4 1
2934 2 6
4931 4 0
9094 1 45
9779 4 6
9106 3 11
2014 5 40
4452 1 23
826 1 11
6693 5 0
2389 3 12
277 2 40
2655 3 0
7947 3 0
8855 3 60
7207 1 40
7858 3 0
8074 3 0
7965 3 59
6272 4 1
7446 3 0
754 3 49
5381 5 12
947 1 0
5571 5 40
1475 5 0
7973 3 72
6694 3 40
8994 4 0
5081 3 60
213 4 64
288 3 0
8982 5 0
3012 3 79
807 3 0
929 4 0
893 3 67
6864 5 0
8237 2 22
1253 1 18
5395 2 0
9682 1 15
9009 3 0
535 4 40
5844 3 59
9502 2 12
9252 2 75
6485 3 0
6706 2 0
8848 2 18
4121 2 95
6534 4 0
8002 2 84
945 4 1
