30000 80
6776 5 0
9705 2 0
3760 3 1
8929 2 2
3415 1 1
4761 3 0
583 2 0
1607 2 6
3840 5 0
7521 4 0
8387 1 10
1398 5 10
9794 4 0
6144 4 7
8829 2 0
2745 1 0
6721 3 0
7250 3 17
1375 2 17
9039 2 1
5719 3 0
5434 1 6
9206 2 0
1831 4 2
9636 3 13
2889 1 21
7090 5 16
1148 3 1
6017 4 0
2270 5 7
4335 4 16
21 3 7
340 5 2
3415 1 6
3885 3 13
2220 1 13
5810 4 0
2851 1 0
9319 3 13
6019 4 0
929 1 0
9066 2 38
4763 3 40
9765 4 0
4386 5 0
2083 4 0
1330 1 17
6933 4 0
9283 4 15
9253 3 0
8051 5 0
4763 5 0
6620 4 0
2742 1 0
9279 2 53
248 1 0
6278 4 0
5481 3 46
9500 1 0
3297 2 38
4804 1 46
3008 4 48
6072 2 51
5284 2 17
4142 4 0
9017 5 51
9916 4 16
6340 4 51
2491 1 65
5460 4 17
7085 1 0
1109 2 57
9951 1 13
8014 1 29
3972 2 17
5122 2 38
6950 1 17
3558 5 48
9061 3 0
8533 2 13
