50000 100
9823 2 0
5659 1 1
7310 3 1
5707 5 1
1490 3 1
3073 5 0
650 1 6
4596 2 1
945 4 6
4902 1 1
7598 4 1
8723 3 0
5141 5 1
196 1 6
4741 2 0
9446 5 12
5540 3 1
7894 4 12
1165 4 1
2873 5 12
8350 3 6
6937 4 0
2605 1 1
3282 5 0
7917 2 6
7677 5 22
2657 3 24
4986 1 24
5086 3 22
699 1 1
8375 5 12
2780 1 1
5746 4 0
6252 2 1
5793 2 15
9258 1 0
2064 5 1
9022 3 12
5081 5 33
9184 3 0
7510 3 0
4179 5 0
5986 1 0
7099 4 0
4716 2 0
8289 2 44
2418 3 0
582 2 6
6854 2 0
7100 5 0
1844 4 24
6668 1 41
3024 4 24
3857 2 43
8928 4 0
6376 5 45
3562 4 42
4263 2 24
3747 4 42
5870 3 22
2067 3 47
9964 1 0
4959 1 0
129 4 36
1765 2 62
8421 3 15
4250 1 0
758 2 41
9810 4 0
6290 3 6
6954 1 41
9593 2 12
3101 5 12
4295 5 0
4848 5 67
9273 4 74
159 2 40
6627 3 47
722 2 0
6541 5 0
197 3 45
8111 4 40
7787 5 74
9097 3 0
6055 4 0
4451 1 0
5789 1 47
8768 3 15
9510 1 74
9281 5 41
5787 3 0
9377 1 50
1544 4 15
9750 4 67
2439 4 0
8338 5 69
6837 5 15
4065 5 24
1761 5 15
5101 2 43
