1000 100
462 4279
755 4008
873 9556
194 6941
391 9936
699 175
93 5594
368 8539
444 7339
92 9804
831 3361
328 9418
709 5590
44 6099
818 6333
841 4524
287 1089
947 847
959 3029
464 1771
143 3477
460 8418
625 4716
888 4053
17 4762
900 9405
993 8934
267 1687
614 1390
139 4350
520 262
139 8327
965 8989
907 7679
476 8476
362 7407
486 2927
36 8445
112 972
374 7892
583 1310
376 5101
898 2127
701 5045
956 9190
249 7560
477 131
672 3983
408 5010
151 2627
712 6431
376 9230
13 369
111 7988
99 4045
174 4922
38 2429
371 6100
620 516
379 1115
723 813
127 9900
887 9977
16 3777
979 7359
233 590
757 893
816 8804
354 2390
412 1209
337 2970
436 6362
193 166
628 8328
613 14
379 3263
300 6486
442 3221
194 4228
339 1475
840 4908
863 1963
8 1353
912 3558
447 5134
532 7609
127 1070
24 2428
252 2804
544 2187
191 8221
961 1872
70 1757
944 2591
356 8998
801 6938
991 3402
306 3860
849 9441
333 2354
