1000 100
42 7723
263 358
604 2594
618 3499
627 1484
189 1049
262 1572
706 6618
16 2701
313 5808
766 3178
958 854
494 7086
736 9872
53 4075
981 275
333 368
635 8949
660 1870
319 8988
487 8708
909 4844
886 9576
945 3200
57 679
996 572
79 8738
960 876
424 9207
778 4166
98 2159
201 2069
159 9712
961 5102
310 5629
122 6302
8 1881
481 9652
517 8501
421 7095
278 5122
586 9656
224 9844
39 932
23 1222
473 5697
788 5717
238 3371
568 8685
453 2892
956 9520
684 9345
792 7051
799 1634
18 4620
770 3113
676 5916
589 6796
539 3763
575 6125
970 8008
354 7353
228 2319
636 8079
784 2457
592 6240
310 6163
506 6742
400 1676
748 1638
422 9623
748 3127
338 1713
699 7897
829 3576
274 8649
140 2169
28 8432
34 3309
884 5917
327 695
623 9054
925 1374
133 4967
791 1310
638 233
419 8257
928 1066
287 8136
338 6690
84 851
931 9594
461 7117
164 2630
216 9778
341 1803
863 2459
633 478
301 2113
730 4211
