1000 100
35 7806
82 7638
117 7456
164 8365
816 9118
873 434
466 4773
506 3500
421 849
934 6173
189 452
171 1273
612 1294
931 2718
130 4520
134 2383
458 8075
130 8661
294 2424
589 3428
904 4880
796 7587
229 4665
275 651
170 943
955 7525
415 9271
214 7402
942 1147
819 7399
278 8495
301 6516
712 5286
940 3731
962 1713
465 6679
51 6291
549 229
127 6672
544 7980
413 9978
393 2130
458 5201
667 5751
17 6568
678 831
496 9562
309 4009
958 1625
828 1981
493 1530
311 979
335 8373
178 709
302 287
875 1781
597 8191
758 1186
453 5046
188 464
118 8275
625 7958
837 7938
957 8617
543 6769
265 3403
224 5914
314 1552
17 945
752 4694
301 2381
69 8928
104 4156
476 93
861 6528
876 258
234 412
18 5018
288 2752
287 8043
880 3264
717 8885
42 7566
581 9875
487 2338
309 9954
397 8214
328 1564
43 746
581 7259
88 2357
107 1941
566 7693
802 1626
318 3979
70 1397
410 3502
817 1299
917 3895
783 7815
