800 80
752 2842
542 9771
199 3156
474 8031
714 9368
333 649
469 291
494 8277
206 570
191 5710
544 3265
205 1360
712 4351
786 6826
797 9658
238 6193
649 6049
521 6607
766 593
798 4774
445 3130
400 272
705 3944
684 3409
92 5332
768 754
229 5002
340 265
156 254
626 2206
131 6921
271 7161
211 9373
717 1245
684 5851
188 5824
731 7852
217 1379
764 6679
271 3983
132 9075
450 629
601 7469
728 5337
343 1412
546 1104
278 4992
506 7021
741 5323
260 452
395 2438
124 2488
470 1446
352 4850
536 2248
689 4163
201 8366
117 6746
420 3903
165 1101
668 8738
395 6670
53 4397
411 917
625 2528
608 8255
282 3063
389 1359
162 6595
70 2122
523 1041
521 7209
588 69
550 9625
403 1861
58 2085
269 8550
622 8994
591 8790
317 4131
