1000 100
33 4052
346 3198
894 41
108 8121
674 7386
560 1326
498 4111
477 6887
67 1028
441 8482
473 5379
81 2911
143 2444
774 1209
899 6320
530 7798
109 8201
47 9186
819 7818
958 8131
187 318
198 2742
264 5183
528 6623
257 4599
659 7359
256 275
457 6049
624 1797
588 9737
186 7878
238 140
715 1513
747 3096
951 7412
52 7585
150 7933
300 7536
672 5852
925 2558
63 1257
290 3038
842 6863
159 1651
735 2641
694 7088
941 2871
8 6486
742 2566
224 6415
78 973
287 9660
34 3934
72 3845
169 424
956 12
47 4920
92 3537
824 5965
317 2303
106 1762
200 7589
234 8265
584 3359
656 4496
551 1772
653 9978
605 2742
885 8328
414 8701
878 7721
283 6836
226 8789
113 7492
166 3735
474 9813
969 5070
89 6688
660 5574
435 5102
193 6753
373 7501
234 173
559 4814
300 4695
559 5176
665 142
29 8739
781 1258
595 2346
802 4324
144 3338
354 4939
286 5732
422 7790
212 3217
662 2111
58 3995
890 3856
388 4244
