300 200 20
253 77 20
164 2 9
278 7 7
152 79 7
30 98 5
250 67 2
61 69 6
177 40 4
200 87 7
54 11 7
299 16 3
212 24 18
220 99 12
163 45 6
194 96 8
292 81 1
248 25 17
274 61 9
9 92 3
216 54 10
5 49 2
163 82 2
215 8 17
160 2 10
257 38 13
244 82 12
106 19 11
85 81 17
291 87 10
81 58 1
83 5 5
205 44 3
285 67 16
139 14 15
16 26 7
198 53 7
14 3 7
159 66 14
71 53 10
45 53 2
280 17 11
204 21 5
107 63 18
220 66 14
240 55 3
133 94 5
43 49 10
84 63 18
259 18 10
208 16 15
265 94 2
79 13 7
43 90 1
165 39 14
246 40 5
129 11 8
276 48 8
171 67 6
154 3 13
54 7 11
102 83 5
241 100 16
21 55 6
78 27 16
124 13 4
130 15 13
75 78 7
7 68 18
90 37 4
127 26 2
81 49 9
72 58 4
124 57 16
191 68 11
229 94 8
77 71 3
177 87 10
257 66 7
56 13 13
22 32 20
27 89 14
129 63 8
242 38 17
228 62 13
272 13 20
58 39 11
52 18 3
108 23 5
275 59 15
204 83 7
49 45 3
176 8 16
272 70 5
51 54 20
18 37 8
141 32 14
58 34 2
76 48 2
67 62 17
79 44 5
164 27 20
150 43 12
34 1 3
163 3 9
228 92 1
85 49 18
185 20 9
4 76 19
30 29 5
163 69 1
249 26 18
27 79 3
68 95 15
204 28 4
173 93 11
56 53 15
192 1 16
52 19 3
227 61 1
32 12 10
270 21 5
89 56 15
32 25 17
84 19 18
21 13 16
6 77 5
33 68 16
150 90 7
127 73 15
216 44 20
91 47 12
142 51 10
283 6 2
86 63 18
42 44 19
268 53 13
231 2 13
111 41 4
90 19 15
74 74 18
86 55 10
160 64 4
155 87 19
258 99 11
169 49 20
192 52 10
247 89 7
84 63 13
204 59 8
235 73 17
125 66 5
17 27 12
43 21 12
121 92 3
70 68 20
69 59 18
93 42 1
228 5 17
262 69 12
130 18 7
265 57 13
247 50 12
8 65 4
93 91 2
17 94 14
282 73 4
262 27 1
202 12 3
5 24 6
92 72 4
222 63 8
226 39 18
70 57 16
36 29 20
1 63 5
214 13 6
127 22 13
3 18 15
51 96 15
153 51 1
300 11 5
228 25 14
265 88 20
130 41 5
6 34 9
8 25 5
251 69 10
128 47 16
73 79 7
299 100 19
31 34 20
249 96 6
181 61 16
205 37 4
291 48 5
265 69 19
149 29 12
18 23 5
84 33 17
291 55 20
