500 500 50
436 53 3
438 37 6
198 43 27
93 51 37
478 20 40
308 3 10
96 19 45
165 38 38
286 29 26
269 74 22
377 32 4
491 6 44
202 91 29
322 28 5
183 81 12
237 76 19
120 4 47
212 98 48
167 19 36
252 50 21
224 36 49
11 71 45
174 5 13
477 22 32
489 17 10
51 91 7
384 74 46
99 48 8
476 54 40
471 38 49
51 70 7
56 61 37
336 43 45
221 78 4
416 79 7
134 24 35
428 57 48
217 22 28
276 91 41
309 68 25
470 91 8
254 77 42
155 27 21
55 4 42
109 96 47
462 50 39
162 23 35
35 91 47
257 100 43
395 24 23
267 44 19
436 55 31
82 72 26
372 7 33
43 84 47
227 92 24
240 13 16
298 56 7
181 32 40
271 86 15
420 28 19
64 70 11
355 8 8
311 5 1
303 35 32
344 36 18
53 37 20
219 7 5
30 44 32
4 24 29
273 15 50
230 84 43
487 88 8
448 73 21
59 17 35
206 65 33
354 63 7
204 53 8
239 41 31
476 64 49
393 59 37
432 59 7
182 100 28
183 14 2
226 41 35
329 24 31
189 83 48
126 73 23
161 46 29
70 23 39
165 14 29
360 4 44
260 23 15
81 69 19
322 7 29
217 67 48
236 8 42
400 20 5
475 11 42
394 86 11
492 30 8
369 48 12
73 94 32
318 62 8
460 20 33
432 17 26
8 79 23
281 68 15
374 14 46
14 43 24
273 33 20
23 17 7
462 81 48
201 73 35
98 30 44
88 13 34
112 3 16
359 53 29
281 96 29
217 76 46
457 25 10
141 75 3
374 14 45
86 76 5
205 10 35
299 91 8
381 27 9
21 46 16
1 89 35
90 65 7
115 72 23
485 35 20
157 22 47
254 97 35
256 6 50
448 21 43
395 36 46
13 75 2
335 94 25
42 35 34
109 97 27
41 38 31
474 80 24
294 87 39
224 14 22
221 83 45
375 22 22
379 56 32
129 17 11
477 78 40
173 33 41
378 21 46
70 10 32
470 61 36
154 72 22
31 25 23
128 57 24
432 91 38
67 78 42
203 50 50
1 100 27
127 68 14
338 48 45
108 78 11
191 20 18
406 90 22
478 16 27
368 58 33
273 62 8
428 92 12
344 10 20
11 94 41
8 19 45
405 13 14
103 90 30
317 37 43
271 48 17
333 81 24
404 18 28
111 19 35
288 34 41
354 82 30
154 71 33
498 61 50
129 52 4
341 17 4
222 18 27
437 90 6
351 4 27
33 44 47
374 83 7
340 98 41
104 14 32
14 13 31
79 58 29
390 63 32
465 34 46
34 71 38
432 10 31
326 23 21
294 54 16
177 99 3
212 37 40
195 28 10
346 46 27
394 85 32
19 79 39
199 16 43
316 81 22
456 14 41
434 68 19
188 89 25
64 69 18
382 5 25
455 26 43
465 82 13
180 12 32
63 44 38
338 23 34
85 82 49
365 58 48
303 46 20
141 43 40
459 87 6
273 72 25
72 46 6
99 31 7
107 19 9
157 22 22
207 66 43
346 49 17
117 6 44
209 31 12
475 16 19
471 25 2
68 82 43
207 42 22
320 15 35
238 84 3
109 16 33
140 43 28
426 87 35
431 84 4
463 96 47
418 96 48
419 31 22
308 45 29
305 50 1
215 91 35
91 80 7
437 96 21
490 2 4
124 97 28
232 32 44
233 22 21
443 27 16
43 83 30
239 61 13
306 85 48
38 17 3
192 84 34
470 69 44
32 64 44
55 31 48
371 37 16
284 78 5
424 9 49
185 99 46
349 13 38
89 52 31
74 47 43
447 68 14
177 93 7
110 93 3
387 90 34
436 53 37
179 38 46
96 9 27
160 55 3
425 65 15
53 86 38
212 81 44
348 41 19
187 70 10
423 52 29
410 21 42
442 85 38
236 49 36
77 28 4
119 90 33
482 22 10
261 23 5
242 33 27
101 70 22
202 69 44
135 29 33
170 19 48
50 57 9
11 72 40
14 88 41
202 69 48
60 46 41
40 39 32
47 60 9
123 29 13
406 93 7
276 75 26
157 65 46
453 15 21
120 89 8
61 98 50
177 12 27
208 84 21
38 95 41
424 58 29
320 51 49
325 83 13
182 38 50
337 76 21
3 55 20
260 51 12
317 43 47
266 59 3
196 12 27
422 21 27
225 66 8
311 9 31
279 82 37
253 86 47
248 31 48
240 97 1
290 21 41
401 89 17
9 47 38
181 63 16
489 61 13
91 90 16
436 33 30
83 64 25
138 99 48
58 76 29
62 41 36
6 45 18
330 80 28
370 33 18
235 78 26
423 99 49
461 49 34
78 19 30
113 16 14
149 46 2
322 48 9
461 14 19
403 89 33
288 25 13
134 89 5
120 3 25
463 97 43
466 4 32
73 71 6
435 35 20
68 72 32
455 88 44
206 1 6
236 6 43
441 23 16
216 26 36
338 81 8
241 45 18
425 85 47
231 58 32
307 60 3
350 49 27
348 22 47
65 5 48
321 95 41
253 45 18
336 92 44
401 96 43
107 29 8
204 53 18
134 20 42
198 57 3
312 56 15
495 81 19
85 47 47
262 69 49
383 21 42
366 66 3
425 66 34
360 79 16
158 23 48
302 4 5
422 69 24
306 60 27
486 20 38
427 73 23
34 83 14
449 19 37
280 22 48
147 31 5
437 95 37
207 41 2
262 91 15
241 40 13
458 59 1
115 50 5
196 88 15
151 100 48
450 59 17
493 84 47
489 81 3
139 62 43
124 95 44
389 19 31
70 12 11
48 84 18
228 61 32
12 45 14
114 68 33
48 2 25
399 9 1
441 47 42
154 88 2
338 96 4
432 52 34
86 74 43
419 85 50
9 92 14
124 82 21
400 68 4
402 77 35
56 53 41
55 83 21
446 58 35
442 41 47
244 40 14
84 32 23
324 34 6
165 13 34
421 35 21
12 82 47
110 5 43
452 53 1
398 50 36
87 8 23
416 65 7
104 36 30
439 79 34
293 68 43
351 5 33
323 81 48
81 22 47
222 31 13
417 60 17
404 2 38
102 94 32
167 40 28
250 54 17
322 32 1
386 58 45
415 45 2
381 1 32
364 14 6
265 79 43
280 63 20
142 70 44
120 83 11
327 88 29
67 84 29
221 8 11
95 28 22
165 71 49
321 25 31
463 78 44
385 17 6
435 10 47
194 36 37
207 13 47
206 65 7
408 61 5
384 59 42
251 69 13
458 13 43
337 49 6
67 8 47
495 30 20
315 94 36
292 2 48
240 26 35
418 88 20
224 43 49
265 69 12
290 72 42
276 38 35
496 16 42
200 80 40
73 41 48
42 14 26
113 68 32
