1000 1000 100
937 87 5
206 31 94
205 76 61
401 99 13
52 58 47
604 48 37
299 16 75
142 37 9
415 95 80
156 24 10
859 85 44
581 57 93
244 89 88
186 40 65
636 95 15
802 33 84
199 71 44
392 44 82
685 4 99
889 90 45
278 58 2
1 21 74
379 69 75
959 21 78
67 6 72
754 93 29
645 56 76
792 57 8
960 27 16
26 40 16
16 65 75
716 41 1
205 26 61
323 21 46
70 12 31
72 77 52
120 50 67
970 52 66
548 74 99
233 8 47
773 47 72
631 22 87
306 12 45
698 57 87
607 33 48
986 94 27
534 70 77
554 84 6
430 47 97
26 77 40
644 97 46
853 33 47
750 57 17
899 53 95
394 30 85
955 67 45
714 26 46
725 81 33
792 11 69
753 81 79
351 18 12
713 100 19
254 90 90
986 26 23
12 16 54
98 26 63
566 57 80
189 69 54
814 49 15
777 83 40
334 29 54
553 91 33
653 94 55
638 67 96
288 19 42
491 80 62
72 69 15
918 99 65
174 99 32
459 37 91
619 65 64
430 51 91
849 2 52
981 14 61
568 12 65
644 55 49
1000 83 57
43 46 34
813 9 54
832 19 37
287 97 47
6 5 30
261 69 2
509 98 41
696 47 12
938 52 32
838 40 44
215 25 9
545 71 30
517 67 18
326 85 85
285 31 21
121 98 97
881 51 3
51 68 39
933 70 85
662 73 86
815 9 18
948 35 9
235 96 49
113 20 95
43 71 77
115 18 76
947 48 75
476 60 39
380 8 97
58 12 83
602 89 74
299 64 85
160 65 89
183 51 83
319 52 82
396 22 63
943 45 62
206 61 74
959 97 11
439 63 83
976 42 55
191 84 41
464 26 50
952 58 53
594 30 98
551 44 79
262 51 85
967 45 41
212 51 66
160 18 20
69 53 44
298 96 43
255 95 50
637 87 74
907 30 96
44 4 35
557 5 68
780 4 42
901 49 2
786 69 10
271 8 9
433 77 23
508 7 66
130 1 26
808 40 8
929 29 46
443 81 13
907 27 57
453 47 88
520 38 36
640 66 17
845 90 77
294 83 64
229 86 6
662 29 32
892 91 78
719 86 40
615 14 79
161 85 67
599 85 58
778 65 27
550 4 88
537 27 56
975 78 93
258 27 88
912 68 99
185 97 60
813 65 84
302 45 41
392 58 29
606 76 5
453 48 73
105 7 12
334 89 58
437 44 1
674 39 6
91 20 45
379 47 94
606 3 26
864 75 40
302 29 47
158 32 35
442 16 63
777 88 63
234 86 21
476 60 78
65 73 24
854 96 82
557 49 51
747 9 33
453 87 1
718 81 18
934 60 7
766 81 34
139 85 27
199 29 35
291 58 29
729 38 31
800 85 46
266 72 77
639 89 96
851 91 28
399 80 5
838 64 28
66 11 46
779 30 13
283 27 73
118 33 8
871 61 72
428 3 92
854 34 85
973 79 26
214 12 59
507 1 73
354 14 9
144 11 19
798 41 17
388 87 11
901 65 94
32 77 20
196 70 77
334 48 49
325 1 46
16 28 12
883 34 34
138 35 56
809 5 13
663 57 65
663 5 83
887 58 7
772 93 40
26 11 38
677 61 69
634 5 39
349 16 33
662 96 49
329 13 64
585 99 94
251 30 46
573 60 9
866 4 2
344 51 11
201 69 6
532 9 9
959 64 1
48 82 49
954 24 31
48 27 47
587 75 86
242 89 92
77 19 29
445 69 78
261 49 75
766 1 48
54 39 99
222 52 19
602 91 19
345 85 53
65 49 8
672 91 58
132 15 89
993 63 75
959 55 37
852 23 58
71 6 59
994 36 62
353 64 11
611 81 3
766 87 59
623 91 24
911 53 96
166 42 49
185 71 44
388 97 58
258 56 5
676 48 32
835 83 61
496 75 29
951 36 79
415 72 97
645 67 80
1 31 81
562 26 48
415 11 48
438 99 65
383 17 3
540 34 63
512 94 29
629 76 3
882 29 85
127 79 24
36 36 94
306 26 80
889 81 38
17 72 66
796 57 23
275 35 3
959 81 62
651 60 60
892 98 81
901 91 10
315 37 30
975 39 63
293 56 80
893 25 52
51 80 90
781 85 88
412 90 54
366 99 25
65 79 36
987 14 55
272 45 69
834 51 20
381 64 99
297 30 80
118 8 44
53 23 80
542 29 54
223 9 39
810 56 39
393 56 84
663 96 55
644 58 75
761 75 69
483 82 32
8 90 60
215 54 85
317 17 44
701 83 93
767 81 31
842 44 28
668 21 44
360 13 36
62 53 55
175 98 2
680 83 10
931 13 76
868 16 89
557 15 95
5 17 59
480 16 95
966 93 19
13 5 96
332 59 90
747 8 76
799 25 47
165 1 38
250 93 55
617 45 93
632 83 84
444 50 46
60 34 83
191 79 86
574 78 95
889 73 68
460 21 63
386 33 43
737 32 81
917 82 86
26 98 95
400 85 33
690 99 51
758 95 26
626 64 7
26 2 20
807 76 53
201 25 61
364 91 74
488 49 57
313 23 97
964 4 85
956 60 37
373 6 85
528 14 4
867 47 30
542 46 83
258 76 42
686 48 76
628 33 36
551 54 60
585 78 74
545 58 100
73 52 52
429 26 47
207 100 93
569 17 97
90 76 83
13 68 60
204 92 73
24 88 12
80 23 83
361 23 1
403 60 22
511 75 7
216 56 84
20 94 69
381 91 1
479 57 7
820 99 46
358 49 27
299 30 66
682 11 86
665 62 67
507 17 33
215 37 69
100 40 62
665 75 43
550 45 38
419 2 12
18 41 26
429 24 38
765 11 9
758 1 30
167 44 19
879 43 42
23 39 57
605 70 64
678 37 57
862 53 93
258 20 19
327 88 49
726 72 77
34 70 22
991 59 31
793 53 18
819 2 45
151 12 42
448 21 45
727 3 61
327 37 51
825 52 59
799 13 17
595 78 39
542 71 67
345 27 37
332 29 30
999 52 18
879 98 22
875 28 32
318 34 88
654 39 54
928 96 67
583 21 74
758 34 82
648 32 57
269 53 94
871 17 79
488 87 69
998 2 36
947 84 27
338 45 18
720 77 100
85 5 94
965 83 10
696 3 59
5 93 66
518 38 59
406 54 18
898 93 10
682 69 88
138 98 61
607 76 71
787 21 57
742 55 95
968 9 88
954 47 35
189 26 37
840 43 80
538 38 61
919 18 39
463 59 91
116 63 64
752 32 35
794 19 96
614 56 26
674 4 10
155 45 41
939 28 31
268 1 21
208 61 69
617 60 53
325 36 52
290 7 83
590 58 19
940 60 83
494 6 75
799 33 39
576 76 52
653 22 55
325 32 29
906 74 75
967 8 71
908 87 89
110 73 31
761 29 67
143 77 95
651 22 34
282 55 78
961 47 89
501 46 75
688 98 99
343 17 64
932 16 25
617 55 57
371 56 2
853 90 97
996 81 27
424 77 34
373 17 67
223 80 39
989 11 90
178 49 16
500 37 39
619 46 26
499 4 80
114 32 71
419 61 16
545 97 54
525 37 33
878 82 59
12 26 49
900 37 18
622 56 45
228 70 62
772 39 64
706 38 19
718 54 33
71 46 26
377 60 47
879 32 28
435 40 68
980 44 32
9 53 98
20 86 46
114 83 83
678 17 79
135 36 78
509 54 94
815 51 57
647 15 96
663 89 14
109 81 71
656 25 47
826 43 67
527 99 41
210 20 31
94 19 76
13 42 25
812 17 49
137 72 6
87 7 49
825 43 80
87 91 100
362 44 70
762 47 89
752 28 18
19 11 86
912 62 21
856 64 15
96 51 40
727 46 89
775 82 22
301 34 20
33 33 94
78 52 29
547 62 6
234 27 21
67 49 58
872 13 77
729 29 81
237 75 96
87 92 87
397 5 81
812 23 90
82 5 21
643 66 11
349 34 54
365 75 20
526 6 31
46 55 77
786 53 72
760 81 25
377 45 85
201 7 22
253 87 87
379 87 100
820 68 37
122 1 19
142 30 79
999 41 56
542 18 93
935 28 37
521 73 95
854 12 94
880 25 23
825 79 66
33 43 65
166 14 29
408 68 100
59 55 66
548 42 59
816 99 82
191 36 74
661 5 31
900 67 21
426 89 45
658 67 44
587 58 94
635 84 7
630 15 38
493 31 11
865 33 55
175 28 71
493 45 96
955 61 46
913 16 21
201 64 12
320 99 50
167 83 23
175 89 32
600 13 20
661 48 73
564 50 29
689 98 78
989 15 81
386 43 43
827 17 66
312 28 89
550 45 6
25 80 36
95 49 30
458 78 52
860 23 83
159 69 64
273 22 33
99 34 91
516 98 28
454 13 98
295 47 77
732 32 66
327 43 76
873 58 59
759 62 97
576 59 97
383 88 28
936 61 96
868 69 64
977 94 82
691 33 92
110 31 54
493 33 30
791 85 22
819 91 1
74 72 13
298 50 83
810 46 92
970 64 4
543 92 51
95 94 44
975 37 16
669 62 65
886 28 97
607 30 7
140 48 96
159 30 84
567 36 58
602 76 44
280 62 44
543 2 27
788 79 79
974 67 87
372 10 39
915 87 28
942 34 42
617 38 85
860 29 81
874 50 72
975 12 25
385 79 75
605 28 51
874 23 58
659 44 17
438 24 26
656 93 61
48 87 3
91 43 14
127 93 83
884 20 24
97 93 86
470 62 21
839 6 21
743 67 100
785 19 24
796 55 37
249 58 63
32 25 5
431 49 59
402 84 76
994 24 92
182 49 21
133 94 82
841 72 8
774 64 47
884 43 57
144 85 28
169 72 22
227 17 85
60 100 36
74 93 65
761 99 23
321 1 81
57 81 16
914 65 21
234 84 4
665 60 27
452 36 91
922 63 26
968 37 18
631 57 80
451 73 80
478 29 32
3 91 95
229 6 45
564 6 37
540 83 1
291 86 78
729 48 8
69 15 61
652 17 58
537 66 97
297 43 10
933 6 8
41 2 24
465 79 88
756 74 86
690 47 13
113 78 37
717 35 12
279 81 21
399 9 60
5 99 44
514 53 72
972 80 83
121 54 54
637 11 19
222 88 38
748 97 75
601 75 14
815 76 39
981 89 20
786 60 89
830 19 70
24 84 64
385 37 84
546 62 40
873 48 89
334 28 90
674 41 56
421 26 11
901 16 27
292 25 63
190 81 6
139 33 50
246 5 64
515 83 74
431 31 38
721 19 2
348 37 69
190 73 84
731 58 8
580 8 58
339 27 16
944 19 80
537 44 28
920 87 64
437 12 68
712 47 50
387 52 9
222 26 56
438 14 74
492 38 48
484 54 47
283 30 3
600 8 60
582 20 82
253 19 67
381 77 72
395 60 2
361 22 79
633 71 11
714 3 57
875 70 58
241 65 46
414 84 56
369 64 35
169 62 62
502 92 79
216 37 67
146 34 96
696 91 74
332 100 75
331 35 32
532 15 67
561 59 61
418 22 1
273 71 41
833 44 28
507 51 59
388 66 96
197 98 6
42 95 43
176 63 50
890 12 91
643 66 38
704 83 88
416 14 62
884 52 41
892 90 1
981 68 4
156 19 81
844 12 51
948 10 46
756 44 25
232 84 24
825 26 23
907 100 67
177 4 2
540 41 18
710 30 17
855 18 29
895 91 99
800 31 6
579 28 11
896 65 86
406 20 79
505 28 98
679 58 9
476 33 83
352 10 4
885 79 43
901 80 92
891 53 74
18 34 87
635 60 92
646 41 98
663 43 39
794 46 73
174 96 44
26 83 61
89 94 72
319 28 74
246 36 24
712 90 89
105 84 69
18 40 47
902 43 20
457 48 61
570 83 86
862 47 2
502 33 44
471 2 26
361 40 74
569 78 88
106 38 22
444 92 33
260 65 88
834 83 50
601 7 86
232 31 66
789 26 42
219 51 3
575 54 67
873 26 97
144 83 78
789 73 12
449 59 43
678 1 49
42 57 20
138 6 25
229 54 5
575 12 9
601 19 24
637 30 67
658 29 93
904 65 35
207 93 96
508 23 26
614 74 66
1 83 2
182 11 59
491 17 87
450 70 62
474 89 23
952 45 58
762 59 29
768 62 13
727 89 61
432 80 93
165 67 34
863 82 94
142 22 88
14 6 11
360 96 21
12 51 71
722 78 55
612 5 31
422 63 65
727 90 10
951 61 70
363 59 82
697 7 21
30 2 44
152 61 10
476 56 24
652 81 14
726 85 70
308 89 56
776 99 18
661 90 15
240 48 90
18 44 37
464 35 66
668 34 72
173 67 18
521 52 44
687 22 100
206 85 5
88 7 90
867 18 2
871 58 94
144 24 78
50 90 28
365 21 73
993 52 49
925 38 15
154 59 86
562 42 85
667 28 79
211 15 73
183 22 59
426 70 20
5 91 4
848 93 59
704 23 33
375 60 34
889 28 74
222 90 38
453 25 73
238 58 57
433 37 50
126 8 33
849 45 76
723 3 66
738 37 70
41 92 21
474 53 98
959 80 47
231 89 67
892 25 14
575 94 94
658 77 1
251 100 38
17 59 46
614 18 90
875 59 17
208 58 83
765 99 93
238 51 16
778 10 56
524 13 51
974 78 38
698 93 2
42 53 74
240 97 1
765 41 30
37 27 43
757 1 34
745 95 49
611 98 9
982 7 95
592 86 46
742 10 19
199 92 64
975 87 77
197 94 63
485 83 78
820 59 69
524 54 31
814 100 89
380 89 80
733 48 34
663 41 91
63 85 22
