1000 1000 100
157 10 87
324 50 14
474 49 64
225 69 90
501 11 52
564 9 12
914 15 49
818 90 48
771 75 13
126 76 72
873 38 22
218 94 57
929 5 34
642 3 74
637 48 19
401 53 2
286 72 65
847 60 63
745 89 73
957 27 1
432 61 94
689 83 93
483 31 64
705 33 22
899 66 47
455 56 35
606 31 86
53 51 98
896 25 63
771 79 91
12 71 85
752 63 73
921 31 2
84 53 73
539 84 84
390 46 75
708 95 25
332 85 69
414 46 37
184 53 19
162 95 30
738 51 90
934 100 68
317 22 10
841 5 59
591 28 86
47 68 25
337 9 51
757 66 97
734 52 33
954 84 62
867 48 24
465 86 24
913 24 67
819 6 5
146 96 89
667 10 40
781 92 10
992 42 22
833 49 62
199 76 22
222 17 20
656 75 63
808 63 81
653 90 39
736 52 10
229 94 2
546 45 48
366 8 100
535 24 89
215 36 7
151 56 65
881 77 56
243 31 38
323 46 59
555 96 40
768 20 69
486 22 81
544 4 98
294 17 4
759 17 27
748 21 94
310 85 79
674 86 67
745 65 3
972 80 29
95 38 42
820 58 48
69 33 49
661 28 60
14 63 77
787 6 12
237 50 15
367 82 12
423 51 78
216 90 26
297 72 15
849 1 32
830 74 82
721 87 49
106 100 26
599 15 6
684 26 7
320 76 38
612 98 65
265 61 67
316 95 61
605 93 31
419 26 62
376 55 64
455 2 6
553 49 46
528 89 48
407 76 56
803 17 46
867 37 51
298 51 21
322 78 72
671 26 48
630 34 33
308 94 69
45 56 62
971 70 63
481 19 23
400 23 59
80 81 99
205 68 80
443 54 31
955 84 93
229 73 17
428 25 2
786 82 92
668 83 34
771 93 82
539 86 93
256 22 32
200 45 74
886 2 37
506 55 20
724 76 27
94 23 51
227 91 97
137 77 86
866 76 22
592 70 19
217 12 61
898 47 9
930 4 20
760 98 72
272 42 7
584 81 76
692 25 16
30 12 49
790 77 70
808 33 52
705 48 81
693 74 65
181 68 38
342 21 70
266 41 32
996 74 41
347 35 90
583 70 59
512 83 9
836 6 67
84 75 56
572 79 91
766 57 55
787 56 28
617 56 73
486 52 69
616 53 10
267 95 51
882 45 35
490 27 22
846 31 2
580 18 2
378 44 9
188 78 43
4 27 31
663 32 20
783 41 47
679 52 80
601 5 27
427 14 23
597 9 91
629 88 35
146 22 64
29 71 11
87 28 72
141 25 1
821 45 32
290 31 60
215 98 42
48 94 26
813 33 14
208 70 27
715 41 15
975 50 32
188 67 12
106 43 35
232 12 88
688 51 99
740 6 5
502 61 44
543 36 72
933 49 29
446 38 57
293 64 28
516 25 12
160 67 57
28 8 86
360 10 30
298 10 14
224 92 60
419 5 35
275 55 60
494 96 26
199 91 68
737 19 20
902 43 88
173 62 54
418 86 17
769 68 74
353 85 86
868 74 6
372 85 27
817 66 43
561 11 93
454 5 48
658 15 88
407 65 2
686 95 80
337 48 70
742 25 32
372 78 89
481 59 79
807 33 69
754 42 98
775 8 39
760 81 11
607 1 92
309 3 67
796 64 79
269 82 75
509 96 95
274 11 96
628 61 12
617 20 91
944 68 69
925 12 71
36 55 47
703 49 19
794 45 12
613 85 19
22 51 51
196 46 33
414 7 79
259 69 16
269 15 7
327 90 84
843 61 70
380 56 57
498 73 81
71 88 85
74 10 96
451 6 70
897 25 26
155 3 78
593 95 46
149 65 98
216 12 5
960 89 19
74 42 59
915 70 14
260 81 70
829 95 64
154 99 7
157 37 15
501 3 74
978 71 38
129 5 85
871 93 21
7 85 27
18 5 28
612 51 79
9 24 2
75 34 83
752 75 69
340 58 56
732 9 40
981 82 20
954 80 8
231 57 33
150 34 47
617 3 89
385 74 33
334 13 82
309 53 58
578 60 39
720 27 10
780 39 40
288 2 36
51 32 43
78 59 53
501 46 22
656 14 1
929 41 46
922 46 27
558 33 57
277 4 93
451 6 63
657 13 6
163 75 95
633 9 24
34 24 1
46 18 25
683 33 49
628 22 31
116 78 50
295 31 74
735 13 38
731 54 75
687 4 60
763 47 89
408 6 55
139 2 45
538 44 90
354 48 78
960 48 30
986 83 86
474 65 55
12 30 95
701 38 90
478 36 74
49 98 68
260 97 23
947 45 68
702 62 12
387 39 26
398 92 55
836 50 5
212 84 100
330 58 48
45 27 99
476 90 20
975 53 48
179 87 96
262 1 54
305 70 64
525 53 8
46 57 23
994 12 20
82 80 38
692 90 12
364 70 13
790 62 96
837 74 69
523 33 44
358 33 7
205 54 50
234 87 41
543 1 26
388 11 85
459 25 70
106 50 67
931 24 89
345 25 82
623 19 16
948 19 64
319 67 14
474 90 62
622 19 52
117 77 58
348 10 1
95 85 6
391 95 60
931 20 67
931 24 75
152 82 20
40 9 87
325 88 92
433 3 36
290 27 72
721 19 9
781 45 22
854 56 31
384 87 54
274 50 62
616 45 53
601 66 33
975 6 75
25 22 28
283 34 85
875 94 76
175 11 69
487 96 37
112 33 2
730 100 14
199 5 68
68 62 71
451 87 10
190 66 44
403 6 66
138 22 6
545 57 72
859 3 40
865 63 12
954 68 94
751 48 59
734 14 75
982 49 68
165 76 92
514 18 1
212 19 61
768 2 49
741 83 35
191 85 25
981 52 67
662 93 1
992 83 77
554 40 4
79 84 95
188 21 60
781 68 9
723 17 64
625 36 83
267 37 94
585 79 19
907 52 51
455 8 99
363 33 5
996 48 24
386 75 21
268 2 35
69 39 82
257 96 85
938 76 75
146 34 77
520 56 22
787 96 69
599 7 4
661 41 90
960 11 49
28 21 27
312 71 94
889 10 79
438 9 81
526 36 75
169 52 49
943 29 59
609 52 56
335 83 18
820 98 74
695 54 82
774 85 5
620 32 84
141 64 48
496 9 68
922 95 78
782 70 62
184 7 66
734 63 26
472 57 45
333 89 45
375 19 90
416 100 3
551 33 91
678 51 97
817 32 6
232 86 88
729 95 11
699 73 95
947 63 41
679 30 47
927 38 88
241 95 76
396 32 43
361 63 29
118 8 87
735 22 66
979 34 5
702 69 47
946 27 6
831 45 90
262 50 14
332 52 6
230 68 81
110 46 5
891 77 45
957 13 54
863 16 14
432 44 11
716 65 71
711 91 88
545 80 82
727 41 54
515 16 50
109 76 28
232 85 32
926 15 31
739 35 77
967 10 92
656 15 6
480 76 74
859 85 48
704 98 7
257 75 61
476 52 39
687 69 56
981 64 76
84 12 97
736 72 8
39 87 99
825 43 97
737 40 75
736 100 73
79 43 87
231 33 23
748 38 61
996 23 19
865 98 18
300 69 12
393 54 95
905 87 28
435 96 5
885 32 54
369 30 95
195 18 86
694 58 21
702 52 63
307 70 28
17 50 2
947 63 19
538 69 17
567 59 78
840 100 11
795 90 74
810 33 47
823 88 10
932 93 12
457 74 55
251 85 96
606 37 38
875 41 64
813 83 57
87 48 21
918 43 9
880 30 87
677 63 12
424 61 7
715 18 84
318 27 2
65 22 85
227 26 25
1 60 48
796 64 64
91 40 82
94 8 48
316 36 55
464 60 24
544 12 21
334 13 19
331 87 50
112 46 94
9 61 52
754 82 24
797 98 7
93 88 52
286 43 42
285 77 48
654 81 89
339 6 6
825 78 79
472 100 89
635 79 39
294 61 79
63 83 13
190 91 59
897 95 2
610 52 11
302 17 1
348 74 29
771 32 56
133 73 100
796 89 30
950 68 40
864 80 48
301 29 97
160 48 9
188 38 97
82 79 37
936 28 13
775 71 3
237 8 4
114 61 64
781 73 8
398 62 56
631 26 4
616 72 17
694 63 42
125 67 22
912 74 34
139 18 14
553 42 25
976 68 45
554 53 50
1 99 82
450 99 79
101 22 29
804 15 16
53 15 75
50 30 58
990 92 50
98 61 13
642 94 45
264 57 56
327 9 9
699 65 68
323 71 54
830 7 89
618 53 70
200 42 82
340 26 1
525 67 24
239 32 98
815 63 76
631 62 35
610 82 34
771 64 90
653 46 98
441 25 8
920 45 80
813 18 35
369 69 91
206 54 60
57 83 92
551 82 4
282 85 88
778 37 49
856 85 40
469 38 30
137 13 68
813 55 52
909 12 18
838 35 29
915 34 60
584 86 66
336 87 87
543 51 17
363 32 69
603 66 59
162 57 82
795 27 74
5 18 10
982 45 33
892 27 81
897 72 90
421 38 47
411 58 38
228 75 92
492 93 45
951 37 76
986 84 29
642 83 70
196 23 67
96 90 63
218 65 50
642 72 35
717 52 79
801 96 65
253 12 45
953 64 78
699 84 19
423 30 25
197 30 36
864 52 90
525 36 29
479 14 8
457 75 9
842 99 7
533 78 98
507 11 94
963 97 20
612 50 48
878 64 21
928 79 19
142 92 31
628 9 98
717 42 99
824 93 95
726 58 87
341 36 96
634 41 82
728 10 84
571 16 1
579 89 88
222 9 69
473 83 71
1 95 78
661 19 27
728 14 77
598 43 27
819 15 11
401 8 80
886 36 66
587 55 95
376 33 69
427 59 49
612 90 74
426 79 20
602 2 71
192 3 93
665 28 84
723 28 97
759 53 4
63 81 41
905 30 9
136 73 9
646 92 94
206 92 46
809 65 5
83 87 9
512 9 75
458 38 99
789 61 24
959 18 83
984 82 37
236 15 16
636 96 40
181 71 18
297 50 42
613 35 39
803 45 21
724 65 85
701 71 62
376 63 31
755 86 50
380 69 47
751 69 36
670 69 73
248 2 79
24 2 3
204 19 100
200 10 21
867 30 4
530 11 8
338 86 59
824 27 87
937 8 1
592 85 9
962 87 7
120 57 18
278 83 51
669 58 37
667 87 87
116 14 24
540 15 21
628 65 27
407 38 68
929 74 17
235 41 4
438 12 98
140 49 47
58 75 81
196 64 4
705 74 53
727 72 51
970 87 48
395 71 61
746 17 100
411 54 68
363 10 54
297 93 100
335 42 19
456 27 57
225 54 69
738 90 38
779 89 71
780 52 21
728 85 46
404 20 55
669 55 40
845 82 14
563 39 90
106 85 94
641 2 41
832 70 2
18 71 49
618 83 21
49 41 26
125 96 41
489 43 44
691 99 54
592 47 36
367 27 62
199 74 29
346 76 68
391 10 57
262 50 83
23 9 91
835 49 29
402 87 51
543 64 89
447 55 30
708 18 17
513 69 81
907 96 42
724 33 27
606 25 92
525 2 20
693 19 67
183 32 50
729 62 69
760 32 95
406 2 36
81 44 96
381 14 21
966 96 84
12 43 87
980 79 55
171 30 29
886 4 41
412 48 38
956 54 76
520 95 9
94 51 90
603 21 20
61 67 86
405 71 74
776 94 25
595 87 65
508 98 63
176 70 21
276 25 60
403 60 88
288 51 24
146 84 14
350 5 46
160 2 78
420 80 78
807 22 27
987 31 21
857 82 66
6 13 95
488 55 77
311 65 95
244 11 62
338 28 36
764 86 13
783 10 33
67 62 80
660 66 64
868 96 35
767 1 67
704 32 62
775 73 14
645 56 42
320 91 72
952 78 28
657 61 86
144 54 6
652 81 6
95 56 3
267 42 59
422 58 52
509 31 88
219 27 64
382 37 47
60 75 93
721 12 98
566 31 45
817 3 34
533 56 33
889 80 6
255 19 79
703 53 88
848 74 56
415 91 25
345 6 41
446 58 11
987 83 33
216 58 49
998 38 90
7 15 71
134 23 18
608 86 54
268 27 86
842 72 61
731 1 18
194 86 33
333 73 43
998 41 46
46 12 36
640 94 18
686 25 65
168 11 18
90 92 93
873 64 56
798 10 80
814 1 50
44 30 70
354 52 98
645 21 39
537 28 43
939 75 1
618 65 78
416 80 82
818 94 58
423 79 81
731 18 33
480 63 39
120 50 84
531 45 86
478 94 86
920 1 36
567 91 77
622 100 97
73 88 58
353 46 71
849 25 37
550 83 48
424 74 89
859 8 36
114 69 75
298 47 97
691 43 61
723 89 21
844 91 94
7 27 94
103 77 33
314 98 23
363 88 10
26 92 1
845 47 11
309 2 49
828 15 72
796 67 70
515 60 59
140 11 22
974 96 16
809 46 3
694 15 13
242 100 5
315 94 88
745 78 88
913 91 17
442 36 84
199 88 13
7 88 79
784 24 70
515 20 96
267 83 8
970 72 55
394 66 93
542 7 87
274 76 53
374 27 9
615 86 64
635 1 33
637 12 77
667 44 61
235 73 4
346 85 85
956 8 5
129 74 63
77 91 34
369 97 1
701 97 51
133 98 27
541 15 23
649 58 12
247 12 83
199 17 37
729 22 56
390 80 96
144 59 26
347 77 3
995 10 31
98 47 43
618 40 65
345 72 64
897 2 33
268 62 2
473 69 81
886 51 9
385 5 36
321 76 77
886 19 24
555 24 8
376 91 19
498 95 30
853 100 36
959 72 74
365 63 18
493 9 51
766 9 68
28 55 65
249 95 73
887 32 27
