1000 1000 100
349 88 65
901 61 16
415 49 10
179 19 84
644 85 58
974 81 54
179 10 39
686 84 9
315 37 12
686 55 65
460 20 17
570 15 45
95 82 82
564 50 27
30 52 54
179 44 32
782 72 58
822 36 46
75 1 93
659 7 16
308 85 28
533 27 97
465 12 44
669 61 20
840 23 61
369 40 38
881 13 64
401 33 40
458 94 35
39 65 4
942 44 41
663 97 93
607 45 76
744 5 36
166 33 16
592 88 44
703 93 68
906 95 81
724 92 5
346 58 1
901 31 53
604 63 44
386 43 49
677 57 11
238 29 50
119 41 14
948 25 62
333 65 86
888 37 78
289 92 84
549 70 52
467 100 40
611 98 44
114 73 8
378 60 51
114 42 31
348 12 51
709 65 53
270 81 80
53 29 79
433 88 17
463 54 68
994 71 55
565 73 27
867 95 32
987 70 79
228 29 27
274 69 54
249 46 71
311 58 67
513 6 91
659 28 58
228 16 51
959 23 63
646 47 81
254 99 6
824 51 94
660 10 78
794 12 15
521 33 42
921 19 92
776 71 71
850 20 66
512 88 1
878 57 49
508 38 90
987 82 22
578 45 39
59 43 67
281 93 85
99 37 28
62 43 57
547 98 48
324 49 24
816 44 43
409 69 44
250 75 36
750 89 27
991 94 54
863 35 25
92 33 56
807 38 84
73 78 51
266 80 62
51 66 68
77 84 41
581 88 41
667 24 26
546 32 13
506 21 18
278 58 67
433 77 6
118 98 17
176 34 4
821 58 44
845 95 5
521 52 33
239 17 7
147 32 63
194 71 33
766 55 33
747 17 1
455 32 29
26 86 51
982 93 67
383 42 50
245 36 97
578 82 27
311 32 23
725 43 14
990 17 58
245 2 52
47 86 64
380 2 92
132 63 79
40 1 40
123 78 17
607 37 37
110 11 22
990 7 49
676 68 25
211 29 87
439 77 52
302 13 77
674 24 82
795 50 64
393 59 49
325 63 6
583 51 87
394 3 85
331 19 88
896 24 59
658 20 96
623 24 63
261 52 85
758 22 44
237 97 48
746 63 40
99 69 45
91 72 10
966 54 81
686 57 31
297 85 37
494 6 11
969 76 28
540 53 100
663 9 57
177 73 47
108 92 14
443 27 11
778 64 19
91 75 57
822 45 55
951 86 20
844 40 76
403 25 41
998 77 97
424 59 10
751 19 74
762 13 11
458 54 88
837 95 47
874 75 4
160 88 37
923 71 37
956 16 93
728 34 76
140 56 1
146 2 70
942 88 2
429 43 49
754 39 39
356 13 15
871 4 71
994 2 51
971 97 79
157 59 53
281 62 31
880 87 34
855 50 64
639 96 21
642 98 12
389 71 75
144 95 25
261 57 17
687 18 61
608 35 29
957 54 49
431 1 4
740 13 45
269 96 7
771 70 80
174 69 7
329 88 91
801 83 85
218 55 45
538 44 20
659 12 77
377 3 1
158 4 95
749 91 13
613 35 77
577 48 33
764 15 86
936 72 41
568 17 22
167 3 44
895 73 11
597 88 2
308 11 37
215 37 91
883 34 4
993 62 56
130 59 88
622 2 19
395 5 30
64 43 7
881 9 51
327 58 19
659 65 90
106 24 43
556 5 79
953 2 95
263 73 32
863 34 39
896 86 92
197 91 80
975 43 42
915 3 13
681 36 62
951 21 66
295 95 84
417 45 16
703 72 79
216 49 47
226 43 24
329 6 68
824 19 22
360 4 32
578 30 65
621 97 44
807 59 16
280 30 96
833 54 28
357 89 16
428 40 20
271 77 40
300 43 33
222 100 13
834 64 60
185 76 17
141 35 86
932 7 97
156 69 67
141 75 23
948 44 19
265 52 3
441 45 67
321 69 95
388 90 20
663 63 87
691 13 59
780 71 65
472 2 21
965 69 66
118 56 70
594 15 28
190 5 23
963 24 64
665 74 95
53 94 78
650 31 29
655 90 64
15 67 26
325 87 3
75 63 83
9 32 53
731 2 5
449 98 23
360 82 93
605 94 75
641 9 65
716 55 79
76 33 36
667 9 41
41 51 42
570 80 24
537 89 40
385 20 74
102 34 6
666 23 80
69 30 60
1 56 82
454 27 93
927 81 83
205 90 62
297 60 85
468 7 15
27 63 50
148 2 16
401 16 94
729 9 89
70 18 73
246 35 59
91 19 56
994 95 36
881 90 53
269 42 19
553 67 13
739 100 99
944 92 73
986 37 29
481 62 87
507 17 65
88 54 85
73 27 23
737 25 49
545 88 54
60 56 90
656 37 32
417 95 53
666 4 11
148 73 61
654 70 83
668 56 72
256 80 79
847 42 98
635 24 28
105 100 61
620 75 33
441 100 78
915 92 32
496 76 89
444 46 76
652 50 82
355 92 70
928 86 85
354 12 85
228 35 82
660 19 59
144 83 99
502 44 72
734 29 74
839 80 60
611 81 18
711 53 10
257 33 69
382 40 42
647 93 50
192 62 59
628 27 26
375 88 12
493 22 18
965 72 16
932 51 23
386 99 13
382 33 26
619 51 96
239 13 24
574 43 65
3 73 51
577 97 43
333 1 89
438 96 49
258 46 23
26 87 12
35 29 93
275 27 66
593 27 12
299 72 4
659 8 30
135 51 43
165 57 32
196 40 11
212 3 64
404 75 62
27 6 18
740 86 82
147 66 66
260 97 86
817 12 48
189 10 34
942 69 52
507 65 10
293 45 96
17 98 14
929 54 25
519 34 100
941 50 91
335 7 47
439 51 20
149 86 49
346 78 27
421 80 2
964 11 22
81 84 3
654 43 19
38 54 94
721 31 73
482 78 36
19 15 86
129 51 41
405 45 70
763 58 3
655 57 89
814 68 58
324 20 98
925 88 58
557 22 33
703 5 46
680 52 15
544 28 27
617 81 26
450 82 55
716 83 12
882 62 24
554 29 26
407 19 55
124 88 100
477 54 91
883 69 36
621 54 79
824 68 83
387 65 2
773 15 86
592 10 35
442 41 1
446 42 96
432 76 51
394 49 94
454 93 38
849 78 65
726 10 42
436 61 95
181 81 62
9 89 23
496 80 6
807 57 37
724 8 72
71 44 97
410 42 36
181 90 68
501 19 89
142 58 89
874 65 55
168 30 37
798 79 55
3 10 58
212 17 66
473 33 87
582 80 54
985 83 22
65 56 4
87 86 85
136 65 42
200 100 51
774 17 64
105 67 87
661 98 83
384 90 50
27 40 98
547 81 1
328 91 99
121 32 49
849 96 13
785 100 49
595 20 76
630 67 19
718 52 43
994 42 7
804 45 67
927 72 42
511 7 38
792 90 100
163 13 88
99 83 44
722 21 75
300 45 99
173 66 26
995 57 46
727 83 100
175 71 34
113 10 69
743 15 65
994 27 100
843 77 36
255 64 95
592 54 100
187 7 70
878 98 13
73 46 86
543 24 52
182 37 49
930 77 29
411 66 45
313 86 59
983 71 59
416 23 97
459 16 53
765 18 80
523 57 6
953 63 89
762 58 58
326 9 27
959 22 11
181 100 31
16 46 56
868 43 13
967 87 88
889 97 46
487 86 15
35 77 40
37 54 81
520 82 97
673 65 29
206 5 53
808 32 92
944 83 49
753 25 86
637 72 62
773 92 15
378 37 39
941 96 56
809 48 87
406 21 37
758 63 23
519 10 13
526 49 74
835 41 27
354 83 39
789 95 72
844 32 2
464 27 24
507 87 81
534 36 91
305 82 47
584 96 59
846 35 31
181 36 87
722 22 11
118 18 43
657 19 74
860 87 8
566 9 1
839 3 4
918 89 14
242 61 64
386 3 98
214 39 45
110 24 90
29 71 75
910 67 36
522 27 80
223 51 68
869 48 93
49 18 92
398 89 37
560 37 47
770 92 95
188 34 85
563 9 33
151 71 69
208 34 93
186 63 67
901 70 37
836 64 70
607 80 53
396 73 54
513 8 38
62 2 3
782 66 22
561 67 6
866 63 92
165 41 31
325 96 63
950 67 100
346 44 36
110 57 65
190 53 95
948 39 38
742 48 47
464 13 40
838 33 46
141 57 34
955 63 34
733 66 67
817 46 66
222 70 25
544 99 17
607 9 17
410 27 51
430 9 92
485 14 48
902 41 27
908 99 77
547 30 57
391 89 95
240 54 31
277 10 4
32 24 80
384 5 55
344 38 25
632 42 49
795 51 93
636 50 51
810 10 75
940 34 36
341 14 95
897 22 11
108 18 76
570 89 73
357 48 59
763 12 88
511 72 94
398 93 90
218 63 45
825 85 17
579 3 67
362 60 52
35 21 55
499 27 6
640 56 81
933 20 100
458 47 33
397 73 7
65 67 93
630 93 37
484 36 3
939 80 70
505 72 80
136 31 44
116 76 63
73 100 84
296 46 18
584 96 25
359 14 67
307 95 93
436 18 7
697 9 86
661 86 8
401 7 49
660 53 6
477 84 77
353 24 64
199 90 80
764 92 8
410 86 59
881 99 16
304 25 12
954 11 33
589 69 38
945 76 77
325 82 10
646 59 91
24 74 35
239 96 6
293 75 30
215 54 56
184 85 70
707 92 30
754 55 35
805 94 17
734 17 46
292 16 77
745 91 98
250 2 31
712 54 2
395 34 93
368 83 33
601 3 15
279 13 87
967 88 69
902 51 22
970 13 21
325 75 89
480 45 17
376 70 58
57 34 14
798 78 40
443 15 30
721 53 15
438 81 91
297 23 67
320 56 16
22 69 6
268 40 39
733 5 49
171 9 78
123 25 49
826 45 62
906 24 80
791 91 85
628 56 25
828 74 69
45 79 60
320 75 51
438 98 64
690 100 88
187 35 25
675 74 93
366 58 87
950 93 56
938 52 68
781 77 81
405 71 83
134 2 32
508 86 54
611 95 92
768 89 69
58 77 87
66 19 19
668 90 66
413 5 37
699 87 50
539 94 42
960 54 76
994 66 74
484 16 26
770 67 35
516 32 9
540 9 48
223 19 41
156 97 4
338 45 39
685 74 99
854 17 76
982 11 74
904 18 31
793 38 76
737 18 42
994 8 40
611 81 7
135 54 57
849 84 51
628 60 60
717 62 42
154 67 67
562 52 38
831 84 58
903 28 47
130 31 26
600 21 21
291 65 96
917 90 88
654 43 28
231 97 32
869 25 4
81 34 9
225 99 47
592 92 53
510 2 33
60 68 39
318 12 50
660 65 17
934 75 46
427 26 44
465 93 18
10 50 45
775 42 96
918 6 26
49 5 36
306 87 68
590 6 82
595 91 11
562 85 40
793 17 74
33 58 53
954 69 43
470 23 31
55 84 75
286 87 27
330 41 49
984 52 9
654 94 20
955 25 11
681 84 30
629 34 56
48 87 2
235 39 31
288 20 88
382 66 82
986 90 99
914 45 79
495 70 62
451 97 10
928 95 51
452 57 56
737 73 39
574 17 57
152 42 88
63 60 59
914 36 93
360 21 28
934 38 35
115 54 57
420 76 88
146 22 45
526 89 75
126 94 93
893 2 28
616 39 12
866 29 73
152 18 8
489 32 95
174 53 30
294 3 79
439 31 36
742 51 63
881 63 2
274 30 15
190 48 59
268 56 95
79 71 95
287 11 66
242 7 81
2 95 34
454 84 74
142 21 37
394 47 46
358 4 48
665 37 39
527 68 52
760 64 49
717 62 11
393 21 31
810 30 16
471 22 16
236 99 25
159 5 15
208 86 69
921 10 47
220 16 21
62 51 17
113 47 5
778 84 32
326 82 13
521 3 9
225 59 1
26 17 72
508 21 64
728 52 83
124 35 8
846 79 26
612 74 28
963 26 30
368 77 68
259 49 64
174 24 62
833 5 92
359 49 51
174 51 57
3 36 21
713 100 94
36 81 67
32 69 53
746 33 87
291 51 31
208 52 58
403 8 52
28 72 79
149 83 33
910 18 15
81 69 43
952 87 70
254 36 62
363 27 80
928 92 71
747 25 36
713 42 51
762 99 72
933 66 81
676 39 2
446 50 98
403 57 96
726 35 17
109 16 75
804 21 96
870 61 73
242 2 6
545 58 72
747 16 58
667 16 81
194 1 56
104 78 53
452 63 11
71 6 95
142 44 24
315 63 49
251 76 68
940 1 81
979 9 97
626 21 93
582 51 97
875 98 32
962 54 31
224 24 87
156 6 86
301 77 42
196 15 51
400 11 76
136 52 98
376 37 20
143 52 8
788 20 78
622 54 70
762 3 89
99 1 96
377 59 61
653 8 5
586 75 46
934 91 34
212 17 42
145 73 4
873 79 49
850 33 63
834 52 52
710 1 10
884 83 53
873 54 16
320 66 59
738 82 64
190 7 50
533 89 14
888 34 95
914 96 24
2 77 84
280 47 5
372 50 14
536 89 7
524 75 85
387 8 30
633 40 48
660 78 11
430 84 41
350 21 19
235 24 77
434 66 94
244 42 55
990 60 86
503 30 9
16 44 37
209 12 92
67 24 92
91 29 34
174 95 1
664 94 57
559 24 49
16 34 82
913 66 46
682 77 38
928 84 63
224 42 11
850 65 6
398 91 85
184 69 81
38 87 66
518 73 8
560 89 14
109 12 25
745 78 40
260 95 56
653 55 21
633 61 7
603 61 77
211 56 37
675 34 69
6 23 57
103 15 96
315 33 19
824 57 23
850 91 57
692 39 39
450 77 14
645 34 77
846 67 45
7 34 1
889 33 22
765 81 17
969 47 77
129 50 59
