800 800 60
405 36 11
39 57 2
467 29 40
258 16 38
773 55 6
709 94 33
578 98 36
15 93 12
643 37 55
475 93 6
294 93 25
607 79 49
365 19 48
314 67 36
338 5 30
223 75 25
12 10 1
62 38 29
655 30 37
211 47 37
713 73 14
758 34 59
641 20 27
241 87 37
658 81 26
609 73 7
209 44 57
176 53 40
671 57 50
146 69 5
389 67 40
444 6 21
47 63 5
550 16 31
53 24 29
320 14 52
618 97 46
381 46 10
148 69 48
266 17 7
38 69 4
616 58 16
695 25 21
278 55 45
89 34 17
756 36 24
792 45 36
534 27 21
322 49 22
45 100 33
744 84 33
550 41 34
21 30 34
398 100 60
560 22 23
682 30 1
198 86 19
573 77 48
88 48 38
772 84 24
274 89 42
262 23 13
361 39 23
781 6 5
639 37 38
646 95 16
39 33 18
549 61 57
523 46 15
535 73 36
371 39 59
285 84 30
587 80 57
433 53 5
560 24 31
295 34 21
559 50 43
646 24 3
709 27 44
689 100 36
364 47 34
244 20 24
608 56 29
171 46 50
147 44 4
171 77 59
471 96 49
259 46 2
493 57 42
462 1 48
669 80 26
785 9 30
415 69 38
178 36 24
279 44 17
3 38 20
18 65 19
368 3 4
183 68 21
260 15 46
739 13 16
564 43 53
24 26 42
125 1 22
35 58 3
30 40 23
359 88 35
557 38 55
691 95 55
470 21 44
142 30 1
189 95 54
222 24 28
198 9 11
571 38 29
65 74 15
238 59 8
768 95 9
437 11 6
482 25 6
492 66 7
294 89 39
492 67 4
480 19 25
148 55 49
271 27 59
450 17 54
48 19 47
613 9 12
321 8 57
716 9 25
778 42 19
436 82 3
265 29 43
690 22 51
750 31 16
672 78 56
3 71 32
575 17 49
149 81 21
679 49 48
46 77 34
201 96 59
71 33 18
550 60 22
287 87 6
287 52 23
93 75 45
645 59 25
330 48 14
686 70 6
205 98 44
241 53 4
561 1 58
47 37 9
10 46 15
395 3 32
455 87 46
358 25 26
335 9 5
107 38 46
42 94 31
533 95 12
104 37 55
471 11 4
351 68 28
407 69 29
116 32 33
295 95 8
621 3 37
189 22 19
420 6 8
226 95 15
40 28 6
619 57 9
521 68 3
744 59 24
740 57 35
565 56 53
781 53 32
484 28 38
316 41 25
422 8 28
13 4 13
271 58 56
518 17 33
412 7 36
382 95 35
372 76 14
658 27 8
710 40 54
370 14 56
709 36 56
342 81 56
291 1 4
626 70 4
572 94 51
68 57 32
543 58 22
390 59 46
500 9 9
360 57 36
686 19 2
217 8 14
91 26 31
720 88 24
181 42 4
764 77 4
487 84 20
219 38 54
315 65 4
671 28 26
574 39 22
534 66 44
323 75 31
544 38 49
192 33 24
414 82 8
465 35 28
534 59 58
549 35 48
295 1 52
450 69 25
765 36 50
527 34 44
81 67 4
403 42 37
325 83 28
26 48 39
245 57 25
221 96 35
175 13 50
135 86 48
303 89 35
452 2 6
70 64 10
697 22 53
789 3 5
626 7 15
638 77 5
506 79 33
631 26 4
482 29 52
35 8 50
150 96 58
407 80 41
144 78 9
326 12 39
301 75 13
311 61 26
494 24 28
69 2 22
185 36 13
510 31 43
312 88 13
127 37 18
302 51 46
519 80 34
513 64 24
467 31 24
27 69 32
308 58 52
493 88 30
45 70 49
648 60 45
744 11 18
635 85 42
596 2 10
488 16 41
795 41 53
577 4 3
386 76 16
583 21 29
162 34 11
334 35 38
202 32 4
756 32 60
427 97 13
324 1 49
400 34 56
455 77 44
610 84 54
382 99 2
667 45 29
646 26 28
168 82 45
18 69 10
412 27 6
216 33 11
560 92 54
257 45 54
203 84 11
638 42 28
391 97 24
528 5 33
198 29 14
294 34 6
249 85 23
177 57 60
796 45 34
528 56 28
698 15 44
784 88 13
301 14 32
728 34 24
134 49 33
424 99 15
411 56 46
523 98 13
299 17 54
311 4 6
225 72 40
484 47 14
136 59 46
408 82 49
318 82 50
299 79 36
112 16 16
508 85 10
499 11 56
419 49 19
162 96 47
437 84 58
213 87 38
119 17 16
734 60 43
469 92 13
197 31 3
442 77 25
568 45 38
62 10 30
13 58 56
442 30 48
139 74 33
93 83 13
370 67 31
533 3 47
629 82 3
751 3 40
403 70 34
68 12 6
77 57 3
700 89 49
453 27 19
17 32 3
490 22 26
760 87 5
287 40 39
664 99 55
542 4 10
358 37 52
51 88 13
204 29 54
354 70 25
386 88 11
42 78 19
536 16 41
740 95 29
379 19 13
739 24 22
423 75 30
321 53 1
292 60 57
390 11 18
731 41 46
458 70 37
299 52 44
571 87 47
355 3 28
792 12 53
137 72 28
712 7 44
455 25 9
638 51 50
772 42 18
91 43 1
277 54 52
471 71 16
39 88 28
747 20 49
20 18 53
666 17 18
527 11 58
151 4 20
238 44 58
778 84 50
358 15 13
793 83 51
470 17 30
482 49 14
10 30 46
440 38 32
586 47 15
481 44 34
603 83 20
77 70 55
175 86 20
588 39 20
154 21 55
769 95 14
559 73 8
745 8 25
476 10 51
735 30 39
9 100 5
37 1 5
329 47 4
314 46 55
338 57 44
508 39 17
507 98 2
505 83 22
420 14 45
648 16 13
523 33 10
629 52 46
780 8 49
410 6 42
692 91 40
747 66 26
155 10 49
348 48 20
126 26 1
591 69 4
597 73 16
430 58 9
236 2 26
166 47 13
640 5 12
413 79 32
572 1 9
256 30 47
440 39 26
225 62 10
515 16 4
462 61 24
13 40 39
71 36 35
778 5 8
436 80 51
677 28 55
655 100 9
208 20 46
666 46 45
131 4 12
675 66 57
454 92 11
162 79 19
473 82 26
171 88 42
437 85 19
279 41 5
345 6 42
267 45 25
697 77 33
468 68 52
673 59 14
26 26 15
753 62 25
545 34 10
669 95 2
174 76 58
116 82 53
193 34 29
206 25 39
198 60 31
373 11 44
763 68 36
783 19 42
130 49 19
212 26 21
443 11 33
714 3 45
675 68 48
456 33 4
490 20 2
151 53 43
124 96 24
243 45 16
162 83 15
186 16 42
312 86 29
154 54 31
734 77 4
178 21 43
330 56 42
401 29 13
256 29 21
36 49 17
279 91 16
6 22 27
522 12 56
138 29 13
217 58 13
675 36 19
582 69 6
67 78 22
576 68 6
281 95 52
388 99 10
620 90 42
730 90 34
362 35 5
42 45 2
126 7 13
503 9 53
727 89 7
400 12 8
728 84 35
509 43 46
487 44 11
657 23 5
721 31 13
634 15 36
597 4 18
376 82 28
545 52 56
648 47 29
70 5 56
748 11 29
306 79 29
134 59 34
532 81 28
622 84 53
647 22 26
68 95 51
45 43 59
273 100 56
543 18 3
773 85 43
472 62 43
483 16 34
576 6 26
635 4 39
7 44 18
727 19 2
96 92 27
232 80 44
37 30 6
468 28 12
598 34 22
481 17 40
160 51 42
77 88 21
454 22 17
62 80 7
507 40 4
180 56 11
6 41 35
478 34 47
364 54 7
633 89 55
115 56 20
472 30 50
422 56 48
428 34 50
525 12 36
602 81 59
531 86 20
463 47 18
796 90 37
777 3 39
300 89 35
64 63 56
135 69 29
154 29 6
166 66 21
27 54 10
326 30 38
364 99 22
461 36 13
584 38 55
364 70 8
26 85 41
120 35 23
197 58 37
763 59 9
278 3 7
795 38 39
771 9 2
715 72 26
119 98 38
310 29 24
708 66 32
147 24 51
77 54 1
470 89 12
429 41 31
321 82 13
667 24 6
36 26 22
433 13 2
372 35 48
694 55 19
574 94 37
621 13 55
719 96 54
609 48 55
175 78 55
335 85 10
499 66 29
106 94 47
618 96 33
258 69 47
636 24 31
192 98 12
763 14 1
749 45 11
263 56 44
475 38 4
448 68 28
205 100 17
154 6 7
321 58 54
186 67 42
105 11 43
195 26 59
445 12 45
502 16 45
570 61 18
7 80 60
645 51 4
352 8 30
17 52 23
54 46 54
341 7 10
592 90 51
37 9 60
292 57 29
139 57 40
140 46 23
631 59 47
493 74 24
632 63 11
501 26 6
564 26 22
780 93 58
221 43 53
487 64 22
283 56 28
421 51 3
608 100 14
652 62 52
744 42 49
379 91 28
240 56 56
51 63 52
14 55 57
315 51 11
520 44 25
756 47 56
410 97 39
56 89 15
253 5 59
49 74 26
420 88 56
101 89 56
708 96 53
42 11 37
656 77 38
628 38 40
655 59 24
112 80 26
357 82 10
742 1 42
577 46 24
332 97 37
718 67 19
74 13 2
461 98 6
429 16 35
468 27 7
258 61 17
96 20 17
567 42 16
504 54 14
586 59 11
235 44 37
522 74 42
495 80 16
301 94 12
669 60 25
483 31 10
121 56 41
30 24 12
141 48 57
315 76 19
476 63 31
305 22 39
26 3 52
411 22 27
262 67 50
669 59 41
57 6 52
31 96 45
70 31 44
461 59 58
535 71 56
771 72 43
748 93 59
208 39 58
313 25 59
588 66 30
467 69 32
418 30 7
380 50 42
108 64 14
695 14 16
168 97 16
276 67 20
658 11 10
397 65 13
190 19 20
261 20 6
418 23 5
177 43 35
265 29 4
106 57 56
564 66 52
490 85 29
110 54 28
264 49 50
798 72 53
49 49 46
11 2 20
449 47 9
269 25 8
252 27 39
303 55 24
436 43 16
541 18 14
288 63 54
596 51 51
253 32 56
276 86 15
518 72 32
270 19 39
250 74 46
385 72 12
464 6 5
360 13 7
392 65 54
680 46 54
552 74 38
438 11 52
121 42 30
242 26 34
320 38 15
267 40 12
441 44 34
539 20 9
295 56 55
705 65 50
599 38 27
459 38 14
727 43 5
264 37 38
206 43 31
707 23 27
57 46 3
282 63 42
787 92 32
330 87 55
238 20 45
175 32 14
139 50 26
407 61 59
782 29 28
354 51 49
266 11 25
34 35 33
92 2 55
156 44 51
288 31 46
400 21 16
317 73 14
740 78 60
547 26 49
168 45 60
321 13 33
101 65 41
442 71 22
7 54 48
682 90 48
733 85 27
488 88 4
305 72 58
217 11 29
696 46 6
90 63 29
554 84 40
727 2 17
540 31 54
296 94 17
89 73 34
617 26 28
88 11 7
168 29 47
774 16 15
413 17 31
