1000 1000 100
269 58 9
92 19 44
647 6 81
289 87 37
136 24 93
260 10 12
738 48 98
255 69 2
509 74 97
860 49 42
308 71 63
446 41 8
564 76 62
478 34 90
417 73 26
24 74 36
955 73 6
555 58 30
606 72 38
976 19 56
120 20 30
333 88 95
868 13 33
194 52 38
850 13 21
611 68 20
684 68 29
403 94 42
316 77 50
935 3 36
276 63 54
226 23 86
111 80 30
298 53 1
685 53 98
191 43 89
36 29 39
720 52 42
105 29 80
595 5 27
543 41 51
998 31 72
440 75 42
256 96 50
562 58 34
42 72 43
846 92 13
459 46 85
905 58 20
837 56 96
33 86 16
232 47 31
42 37 79
538 72 62
957 53 56
153 39 91
532 26 54
516 90 100
253 25 61
13 61 47
352 94 11
41 42 67
994 71 78
242 39 91
170 66 31
790 87 97
651 76 77
414 84 61
994 96 30
692 56 91
34 1 73
907 26 1
312 80 62
756 84 83
991 88 9
79 25 65
811 23 82
480 10 22
7 81 54
784 80 40
316 88 93
623 22 21
501 28 14
423 36 60
5 41 5
657 85 49
708 64 93
367 3 73
6 47 68
208 46 14
546 91 16
165 92 53
953 50 8
152 88 71
926 30 56
147 72 22
962 72 95
815 46 59
910 78 17
30 20 6
281 96 21
69 12 48
40 5 76
891 33 31
670 70 41
329 15 12
344 31 36
303 59 90
159 95 35
883 91 60
661 24 37
596 69 15
50 5 79
961 36 71
555 81 86
239 41 22
331 51 57
475 66 71
728 79 38
843 17 53
842 9 60
396 33 88
515 56 75
772 35 42
464 15 10
991 72 47
463 74 99
336 66 35
249 38 78
939 12 54
83 66 27
474 91 78
24 15 37
192 25 34
124 73 66
184 53 74
154 65 52
931 60 64
683 96 100
756 76 67
762 69 24
656 27 13
96 39 82
829 92 69
95 15 26
170 100 49
453 86 11
265 94 87
717 44 46
654 75 42
827 68 15
380 39 75
268 1 97
126 10 82
128 55 56
626 35 56
787 40 68
231 78 73
352 67 85
754 44 10
605 2 96
465 33 97
708 90 88
938 65 56
701 56 69
618 80 80
816 80 75
137 46 81
373 43 38
677 16 67
108 61 27
750 42 89
133 86 23
402 26 88
146 7 92
376 51 50
901 58 48
704 52 45
413 27 64
251 96 95
924 27 55
337 70 4
935 9 40
78 30 46
283 26 19
758 98 85
233 47 81
533 47 20
233 78 19
707 6 91
374 60 18
167 48 18
664 12 66
76 43 78
50 4 42
283 81 46
134 3 47
218 23 66
905 67 52
285 26 55
819 23 8
890 39 64
727 78 99
773 65 48
77 91 42
693 4 76
340 66 17
876 30 96
945 45 56
329 42 18
48 89 77
932 95 50
342 40 97
807 71 81
357 21 31
940 64 3
555 94 24
891 82 1
819 84 30
758 58 36
977 1 70
766 92 35
751 55 27
66 86 38
259 53 85
872 68 34
186 5 14
248 1 67
89 3 30
481 77 50
799 12 39
910 85 48
424 61 39
248 62 17
75 37 1
491 83 96
588 24 51
308 42 20
596 31 92
992 36 84
510 27 66
722 54 98
584 62 41
808 52 63
233 55 71
107 30 14
852 76 81
250 49 73
110 35 73
631 59 20
210 61 89
335 32 86
973 30 15
377 42 5
814 18 94
95 81 12
561 91 76
643 42 39
548 31 39
687 3 42
409 62 50
557 89 11
551 55 21
787 94 38
438 96 80
812 45 7
880 90 84
902 81 15
678 56 58
586 35 44
65 55 35
108 26 16
592 30 29
348 71 73
216 21 15
376 65 93
890 46 70
643 53 10
942 70 14
284 17 95
536 57 45
912 26 35
935 16 39
108 77 62
244 77 86
852 85 68
1000 3 25
597 56 67
96 23 85
149 78 94
608 39 77
810 28 19
765 70 86
348 33 64
336 31 89
809 54 38
504 48 10
607 7 79
72 53 62
603 33 46
175 35 44
398 84 47
244 24 21
6 86 60
386 38 30
637 7 67
951 9 17
595 11 3
757 22 23
143 43 30
692 41 81
899 79 58
412 68 2
604 41 4
406 11 73
272 49 78
184 91 68
703 52 27
785 13 93
5 82 1
821 45 94
397 66 53
312 1 65
889 11 43
689 38 59
978 93 55
741 55 64
532 23 11
394 64 73
55 60 89
423 86 16
261 30 52
436 3 52
937 53 17
990 34 21
799 83 52
609 59 55
650 66 44
291 12 16
845 82 85
186 88 5
155 61 88
890 69 14
886 61 18
310 2 14
453 87 74
275 3 61
142 59 21
431 85 76
710 73 3
961 60 34
787 76 62
515 52 85
832 21 93
681 41 91
55 17 32
194 62 3
876 93 10
218 100 12
421 12 98
674 70 72
95 34 32
148 100 86
876 42 31
961 26 19
643 99 63
221 65 49
986 91 81
435 78 44
213 96 100
78 84 8
316 85 99
279 47 13
440 68 79
628 33 62
794 25 77
637 52 43
325 82 95
946 58 11
271 13 85
760 51 97
378 18 69
412 92 90
774 32 67
677 44 70
886 59 5
528 22 88
715 48 33
851 75 10
418 1 47
281 19 62
251 71 12
139 18 61
794 30 19
469 1 5
594 29 10
587 17 19
1 51 25
719 13 20
590 3 11
314 55 52
764 21 96
706 87 90
824 26 92
414 33 76
390 76 41
518 82 62
760 18 40
766 2 77
548 42 62
455 100 82
133 45 70
164 21 78
719 27 83
692 55 31
445 26 57
988 93 48
598 58 31
351 2 80
516 24 66
169 48 32
725 61 94
323 79 36
294 27 16
227 60 92
158 33 9
96 33 53
347 91 81
435 47 27
599 42 25
269 34 64
528 63 58
736 70 22
942 74 97
816 89 33
414 33 14
223 85 46
319 87 10
688 95 8
266 46 6
242 63 49
755 39 69
441 54 40
201 11 34
540 12 39
858 73 90
609 19 35
453 64 93
731 97 4
177 5 88
944 15 63
585 6 23
172 88 2
991 89 76
109 67 57
406 2 89
231 29 50
63 43 63
113 95 44
921 82 39
281 59 42
410 69 55
681 14 97
876 81 96
833 51 50
921 20 4
801 30 41
796 81 61
808 37 11
758 53 88
921 23 14
154 21 17
49 95 49
950 86 30
266 30 19
311 36 47
127 90 89
608 33 40
877 71 49
327 97 20
532 11 87
352 20 32
515 78 14
759 80 77
135 85 5
534 15 26
713 94 60
562 63 23
341 79 19
824 8 29
765 92 73
387 86 39
772 13 52
413 31 67
243 7 88
365 62 63
437 42 87
467 47 72
403 33 2
437 58 81
914 67 93
547 9 49
127 15 77
580 46 30
61 46 38
446 32 10
800 69 11
713 62 47
686 52 81
898 37 59
403 17 96
729 69 93
281 5 92
294 24 87
787 37 45
226 77 90
297 47 8
983 1 60
599 58 69
51 96 91
413 46 8
692 36 19
182 73 9
885 49 60
356 45 87
117 31 23
403 97 58
155 6 25
28 9 21
57 47 2
129 75 69
780 42 28
237 29 67
736 20 64
572 44 52
306 16 98
424 18 26
811 57 5
995 28 12
305 96 31
152 26 33
719 41 32
361 11 36
535 31 68
760 57 31
906 67 11
10 45 19
625 43 29
701 31 62
630 30 68
81 43 23
789 30 88
278 99 3
344 70 42
450 11 28
933 97 10
394 22 66
15 49 68
166 14 72
446 80 8
208 60 57
565 62 32
274 54 31
752 48 54
671 66 85
406 42 22
605 29 13
515 50 34
63 75 79
43 96 92
721 40 72
45 92 88
826 45 78
117 77 10
419 33 41
449 38 70
386 38 57
562 88 15
352 12 94
356 54 37
726 22 94
867 97 14
98 40 39
142 56 34
13 1 42
773 78 92
804 69 66
206 14 51
205 74 30
520 48 77
686 7 52
465 88 75
139 21 91
831 30 40
13 66 97
265 76 18
131 100 66
248 65 63
181 73 57
93 50 15
283 45 50
743 28 52
978 85 51
440 45 42
601 50 61
230 32 79
28 74 40
322 73 70
880 100 45
259 73 32
687 81 44
231 82 68
333 40 16
306 98 28
646 96 59
549 7 77
221 32 26
300 35 86
840 16 27
13 14 38
27 61 36
492 77 43
746 26 31
556 34 19
27 36 99
532 23 48
199 94 97
538 13 11
392 49 38
385 69 28
976 100 59
724 31 85
44 26 24
292 31 35
17 45 90
993 15 1
574 42 30
329 64 28
833 18 41
936 3 27
147 9 7
720 45 7
49 77 14
948 41 60
804 52 63
7 72 58
533 54 71
953 94 39
267 79 2
369 43 8
798 8 43
138 45 41
947 21 14
755 58 74
567 11 18
559 66 66
658 54 2
656 36 61
682 42 29
123 25 28
933 77 68
231 92 24
117 25 19
275 21 90
87 76 78
414 100 59
186 80 26
470 60 44
645 26 67
540 9 45
901 68 69
180 60 36
66 10 64
978 35 19
636 10 6
34 40 2
451 43 99
824 42 92
345 98 80
349 78 97
756 51 11
366 78 31
301 55 85
426 26 58
878 94 22
910 14 3
516 7 39
373 29 78
216 67 15
172 40 97
40 58 58
860 40 25
107 15 84
422 47 69
839 22 31
106 47 59
332 94 62
159 96 57
419 93 63
38 76 90
632 55 2
663 74 18
508 42 33
55 53 63
933 3 3
854 23 18
21 47 25
245 61 20
843 23 66
680 74 20
127 34 65
418 29 17
884 48 2
495 89 45
732 21 37
557 84 66
888 52 6
945 7 78
661 53 75
617 26 31
980 2 83
752 64 58
845 41 54
125 29 71
517 4 64
172 97 68
609 86 25
585 57 84
396 1 60
912 98 2
902 99 5
633 32 56
115 52 25
625 98 93
59 77 94
830 89 37
644 7 89
325 3 27
825 68 47
806 67 10
818 17 40
805 51 57
30 15 51
955 3 64
35 58 94
567 61 94
401 60 70
313 44 82
327 25 51
903 1 67
407 31 23
655 29 23
879 19 5
458 21 63
639 70 36
643 5 3
586 75 70
487 9 37
32 66 75
773 88 2
475 29 90
636 13 6
498 13 4
769 8 36
983 47 29
47 62 89
186 81 43
454 74 11
386 39 85
318 32 72
244 54 39
361 70 6
497 20 83
757 34 81
951 82 76
706 71 9
253 95 89
846 66 54
270 4 95
550 1 81
460 64 85
765 42 40
236 20 23
334 10 48
124 7 25
353 24 27
163 8 99
936 84 7
196 44 45
423 66 4
230 52 21
210 67 57
610 49 31
790 53 90
122 46 49
46 22 37
693 8 17
365 56 14
363 7 71
640 16 30
95 95 83
74 56 83
468 16 26
598 83 39
956 90 98
536 80 45
571 47 51
115 53 43
833 42 1
792 27 46
464 37 5
818 49 82
685 68 78
931 24 21
985 44 98
786 57 67
146 16 44
417 92 29
630 44 4
524 44 93
951 82 85
146 59 64
586 64 19
96 84 8
245 67 5
52 17 66
559 31 71
823 85 56
344 76 43
218 15 69
35 59 65
562 23 71
847 8 70
961 9 19
913 17 7
997 72 94
688 47 41
283 35 16
398 87 82
339 78 73
792 20 53
151 4 4
441 25 1
125 80 10
793 51 53
717 1 7
745 9 24
863 70 9
511 44 70
217 22 52
85 96 10
319 18 65
613 3 85
180 10 100
528 95 67
388 75 51
532 3 51
363 85 51
720 16 47
652 56 95
531 13 46
86 34 73
692 54 100
680 80 63
856 71 44
308 52 35
325 69 3
900 78 30
473 84 73
21 22 66
188 65 29
659 36 18
805 98 48
507 22 90
752 88 32
66 25 56
678 89 12
491 65 19
949 67 42
872 13 46
310 64 33
795 6 49
74 61 2
496 79 16
144 49 69
30 87 72
903 1 53
484 77 71
456 18 48
422 13 89
244 14 76
737 8 35
594 11 5
673 39 41
768 78 2
943 14 68
74 54 97
929 86 75
928 1 13
426 15 64
24 41 81
435 10 96
541 58 36
365 12 47
134 39 97
437 43 32
82 53 96
238 13 100
996 73 96
978 11 34
931 61 84
373 32 50
560 40 72
866 46 81
63 52 12
999 9 12
834 23 7
282 93 44
309 24 100
425 20 98
927 26 34
176 83 74
623 45 40
297 4 43
355 20 87
85 15 77
610 47 71
264 79 56
904 8 13
99 59 40
13 48 43
602 19 31
847 5 100
218 42 68
679 55 70
998 42 29
383 51 82
23 53 12
686 74 49
914 48 50
413 14 99
89 54 65
522 82 61
218 14 75
967 64 95
104 67 93
102 69 96
932 2 70
456 54 96
574 92 83
228 46 40
418 46 62
232 84 60
941 24 90
706 24 48
829 55 38
1000 24 97
223 65 5
521 46 70
624 7 95
804 31 2
106 44 50
523 37 66
690 10 46
288 59 37
38 82 36
185 93 86
916 30 93
940 2 38
942 5 12
825 24 27
979 75 41
895 38 14
441 91 33
488 48 8
354 65 44
242 89 49
552 36 9
852 46 50
646 75 96
723 20 30
902 79 14
364 48 26
956 11 46
547 88 50
898 24 68
437 41 18
409 69 76
890 26 73
534 96 36
190 43 84
715 11 17
894 36 49
201 5 37
99 45 71
348 33 65
870 60 80
3 45 35
26 8 25
186 83 34
