600 400 30
194 57 14
137 12 14
584 4 2
561 51 6
515 44 22
274 64 30
444 39 10
392 76 29
75 40 17
197 33 6
552 53 7
104 55 4
394 62 19
62 34 11
176 87 21
396 16 22
106 52 6
593 20 19
19 37 23
208 91 8
577 90 23
550 75 27
349 43 27
120 55 12
374 93 1
342 25 17
455 76 18
356 53 21
210 85 21
367 29 5
536 39 22
499 41 18
1 14 10
83 31 11
561 55 6
244 22 24
182 52 19
207 52 21
187 99 28
49 32 5
64 49 25
164 41 12
498 36 8
222 15 23
232 35 28
238 40 13
170 73 9
294 20 1
385 35 26
211 93 15
474 95 12
169 42 16
92 21 25
513 67 25
259 61 24
388 67 26
511 11 30
16 69 27
92 91 21
441 45 10
8 100 28
498 91 9
334 79 9
34 71 16
296 26 21
246 46 16
515 52 9
467 65 19
472 34 11
163 64 7
490 79 8
489 4 11
438 18 27
22 84 8
248 16 25
506 62 21
451 59 16
548 34 27
425 52 27
566 97 7
454 95 13
51 78 17
266 82 5
211 64 20
353 72 25
117 72 22
425 66 4
335 39 15
492 75 8
419 13 14
281 74 21
367 58 19
284 39 2
126 20 28
8 55 14
132 64 26
326 12 24
57 5 5
116 81 18
223 30 4
444 18 19
572 95 14
381 18 26
536 89 10
162 74 23
176 61 29
500 65 28
232 66 10
487 6 20
521 90 16
275 77 2
516 5 15
226 37 1
440 99 22
494 27 1
361 55 12
28 83 30
105 17 10
182 55 18
192 75 19
450 13 21
243 86 28
429 3 18
144 56 19
36 54 15
201 46 15
251 55 23
16 38 6
286 71 22
116 88 26
36 23 15
527 45 2
387 14 2
262 81 27
440 65 1
280 61 20
309 31 15
340 80 9
90 30 21
403 68 30
324 61 6
456 86 15
195 64 5
502 4 9
346 19 14
261 5 12
249 51 30
474 31 24
489 75 15
484 86 27
457 25 15
33 52 27
147 1 13
548 53 8
581 62 21
484 24 9
289 24 21
382 86 12
439 87 8
452 29 27
166 71 12
376 44 28
543 73 19
207 19 1
239 97 18
67 58 24
194 8 3
66 33 4
562 90 14
358 36 1
281 66 4
552 6 16
122 12 4
227 56 26
389 15 5
121 29 14
6 51 2
140 21 19
270 58 20
381 2 16
81 98 13
221 84 25
152 57 2
148 87 23
436 19 4
581 35 18
554 20 10
406 58 12
45 70 12
25 32 18
232 88 8
292 69 13
47 84 22
390 7 15
299 30 5
37 74 2
297 57 24
418 100 16
566 28 14
481 18 19
34 38 12
330 61 5
364 90 21
159 69 3
151 72 21
488 61 3
207 95 22
19 69 15
212 57 21
188 95 21
591 22 6
334 11 17
235 33 3
194 24 21
188 68 19
445 51 9
307 84 28
42 40 4
378 37 7
339 12 15
198 44 29
135 20 23
150 100 22
332 61 17
459 90 4
272 61 25
532 23 30
87 76 2
464 85 6
88 38 2
473 6 12
245 54 10
546 59 19
556 67 4
93 9 18
133 86 14
158 91 26
530 7 22
391 98 6
515 11 6
205 82 11
361 58 26
168 53 5
191 10 15
253 12 6
360 45 13
554 52 12
133 15 11
559 19 16
2 78 1
461 75 25
332 74 19
45 52 20
49 4 12
89 66 12
447 68 16
382 7 15
235 27 22
466 71 23
157 8 18
231 41 28
300 89 3
49 69 23
585 8 9
416 75 13
361 49 5
201 82 14
240 92 4
503 60 10
65 68 18
567 89 30
538 5 14
450 11 1
488 69 22
361 92 27
538 95 4
551 58 9
96 23 6
293 69 27
323 63 16
245 41 12
593 73 1
511 42 1
449 73 11
286 24 24
175 47 26
37 79 12
552 29 15
90 90 26
280 31 22
319 58 8
548 23 1
335 50 18
324 13 20
333 54 14
271 60 11
563 47 17
47 97 17
404 100 21
460 64 30
383 49 18
521 29 20
8 20 7
377 52 25
51 62 5
126 92 19
389 61 22
424 68 27
272 18 6
297 51 6
549 28 17
543 38 10
213 53 27
346 53 14
199 98 22
348 17 30
384 64 30
306 65 22
339 83 21
158 35 22
237 72 9
562 67 1
115 14 5
41 90 16
496 44 13
259 88 1
530 61 30
18 73 1
379 32 25
158 59 5
318 86 14
371 28 9
362 82 8
55 20 25
393 44 16
39 25 11
389 87 17
89 18 26
481 72 24
32 25 13
596 75 16
167 97 12
448 72 25
36 15 8
238 29 28
365 80 28
584 5 17
71 20 15
38 1 8
509 79 6
461 35 5
510 14 12
535 89 11
87 38 18
73 28 22
310 56 10
237 44 25
77 54 12
365 84 19
591 76 26
426 32 18
558 37 26
385 18 11
136 49 27
230 94 10
534 12 20
7 45 27
492 69 29
577 26 30
7 41 14
387 54 20
394 91 4
89 3 9
205 6 14
17 36 7
332 95 5
368 28 4
120 20 16
178 26 24
373 67 5
495 36 23
543 23 12
440 27 9
225 28 23
162 43 13
364 59 3
110 4 19
243 67 29
204 58 3
215 12 20
8 24 18
29 60 2
191 96 5
39 78 8
505 12 2
209 62 6
201 63 22
347 6 3
72 82 1
180 92 19
